456 28 2068
107 327 2951
278 73 1070
378 250 5083
287 349 480
16 218 2327
356 359 2514
308 441 5264
183 321 3974
256 46 5125
380 342 2425
374 26 4047
556 384 1937
41 309 3250
333 514 270
399 2 3740
597 223 3486
548 451 581
13 126 2577
442 34 4343
579 67 564
580 190 3888
135 435 385
354 14 5904
199 123 5436
127 381 3331
286 236 3372
310 498 4717
503 271 5097
387 306 4049
575 474 782
286 349 2053
56 237 4871
161 250 3492
234 140 4072
75 223 4395
149 200 2115
310 537 5258
201 100 892
282 348 4783
54 529 1107
212 359 1670
584 415 2715
337 536 3861
497 8 1660
269 384 1154
474 82 1718
49 538 1731
557 266 3712
592 173 5853
538 103 3534
274 75 3975
553 2 6491
473 165 3547
223 472 1991
137 46 839
449 297 5218
325 153 1634
93 448 3219
460 247 4451
489 367 2374
75 89 2567
179 359 2317
356 238 1196
15 353 2480
251 1 3258
255 52 2854
561 267 2060
284 251 4180
458 512 2655
339 434 801
353 201 1328
539 469 3604
172 317 1285
539 37 1584
418 268 4579
209 360 4846
344 418 4146
508 100 163
347 53 2550
99 472 3778
327 187 2730
510 222 1978
398 386 4858
18 321 1954
381 125 3388
539 175 3653
224 256 668
569 403 2012
446 449 2420
429 594 5024
15 355 3417
189 527 1010
265 112 3288
419 37 2947
234 378 2666
236 513 3803
192 94 2554
460 194 599
13 173 2443
150 238 4615
6 136 5508
289 402 1441
74 120 2258
47 69 5152
399 72 3293
495 370 2241
215 127 4223
562 568 994
51 406 1349
362 151 1149
438 106 3383
503 457 2579
10 478 1941
43 451 3189
48 568 1845
85 543 5996
488 454 2158
155 311 2768
377 405 5160
160 584 3419
586 54 5702
117 377 1197
503 253 2094
140 198 948
47 255 7131
119 461 3414
282 424 4560
143 428 826
24 7 3266
1 325 4402
597 230 2590
546 48 3128
473 505 1753
379 419 5000
459 162 3153
352 216 1393
509 47 4803
219 251 1624
90 217 3902
374 143 1573
156 346 2207
125 188 1392
547 26 2420
193 142 4531
200 117 3764
144 469 3362
183 36 2055
298 325 1080
467 287 2279
231 546 1344
211 444 3369
196 265 2334
218 263 341
357 253 1269
292 542 3554
348 205 2532
405 528 3784
455 247 3917
308 497 2501
16 43 992
60 372 4444
462 14 5472
51 358 2370
256 258 3184
538 147 4883
130 574 5516
437 167 3027
408 175 2900
566 515 3157
455 163 451
306 401 1058
43 477 212
445 214 4952
291 490 2973
465 292 6536
345 175 3364
305 585 2943
61 37 2163
331 383 5324
81 74 745
108 273 2345
543 357 3013
142 446 2132
263 510 3181
285 549 2141
357 216 2119
463 278 1653
487 476 4625
105 265 757
556 162 2528
462 157 3609
543 350 2078
594 375 4859
107 389 5864
277 44 635
425 531 785
76 573 2373
188 491 1730
529 575 4071
470 522 1479
146 91 1787
11 32 3884
519 200 5191
35 212 2287
557 259 6361
293 482 5616
351 497 923
327 36 2906
205 353 2948
538 19 5769
532 305 1863
162 488 3887
325 299 814
332 291 3295
338 195 5133
328 230 2565
394 32 2511
221 536 1613
126 548 3416
532 394 1595
148 450 2599
132 39 2799
393 124 1783
236 412 5104
188 317 3668
392 402 3467
549 201 3349
523 332 5433
100 279 2703
83 241 3265
110 297 2839
345 488 2875
273 536 6091
495 19 4021
545 374 1602
245 10 2320
492 297 3705
124 28 4716
247 49 3734
483 436 3254
132 471 2864
592 382 3103
11 185 2447
310 588 5160
356 382 3581
220 546 1381
575 451 333
551 314 1393
531 167 1294
542 85 3665
283 241 3460
35 199 5946
223 444 3392
121 190 1846
462 189 2528
352 14 4253
496 193 2139
349 203 1036
34 133 4557
255 293 223
339 579 2948
189 489 2076
483 397 4553
99 514 3599
52 418 2972
476 155 3733
376 34 1877
209 295 1680
570 16 2500
383 431 3673
344 507 4324
110 400 1022
462 336 1358
237 159 2356
142 592 4545
579 481 671
435 266 3179
73 107 3795
382 253 1858
236 10 1489
119 187 2677
414 192 3435
101 85 2114
492 565 4287
184 271 4973
26 478 1731
75 16 979
185 252 3616
216 25 3280
315 483 4535
316 207 2130
190 205 2622
1 519 2805
364 227 2793
314 157 549
108 119 2258
121 400 1668
392 145 3375
420 413 5274
239 60 574
127 559 379
333 236 3076
323 320 891
599 295 2463
427 399 3458
483 109 1888
199 334 4850
467 517 4152
369 94 1262
138 205 2841
309 265 2977
359 29 2543
470 212 3271
207 345 3721
164 599 4203
527 178 1687
289 587 1848
534 527 529
426 166 1060
17 109 5036
363 518 4834
89 16 3526
299 160 691
343 317 1830
423 387 1935
223 590 4701
322 470 2815
450 32 3013
26 123 1423
141 589 1487
246 351 2452
215 321 5654
91 454 3347
320 211 2164
150 232 4773
549 226 5510
420 402 3224
401 1 2845
245 594 1193
333 481 1624
46 227 5010
447 521 4933
494 112 2261
400 556 1828
216 529 2849
455 424 6361
416 560 5245
548 126 3416
489 383 2910
543 563 935
250 527 3321
327 82 1795
25 15 1990
398 331 2941
63 39 2946
241 492 4162
12 472 4262
206 123 3081
91 131 3455
294 237 5949
334 106 3384
418 102 3017
340 527 3480
338 245 541
95 167 5040
351 235 5021
298 138 3302
578 201 2647
343 25 5480
230 67 2365
447 453 1378
337 420 1023
179 392 4550
64 175 2134
223 138 5030
488 471 2456
478 515 1973
152 116 4652
481 527 340
11 522 3222
200 275 1240
197 488 3004
291 67 3069
571 418 3393
122 229 2629
572 332 4245
577 525 2269
478 235 3400
567 22 358
441 217 1674
542 458 2917
153 477 1944
141 527 3328
167 69 4396
288 534 2924
54 497 3918
585 560 4722
43 93 4203
256 575 2379
365 43 4326
438 38 4037
572 194 3913
511 598 2798
135 567 4037
478 174 1807
365 350 6466
458 119 4273
21 397 2277
326 593 5124
409 45 345
495 325 696
181 406 1017
214 489 1738
382 158 4273
85 281 3990
373 366 3666
534 128 2351
530 538 4390
31 410 5629
550 322 5018
354 589 5375
512 57 3133
209 308 5008
345 321 5615
7 583 6505
500 281 2218
393 35 857
477 37 1682
115 465 5587
418 384 3144
327 598 4745
38 337 4277
448 567 2269
578 255 5371
508 574 3847
535 233 3561
144 37 1788
327 271 3181
574 598 5298
529 135 4608
186 92 4244
586 349 2184
90 554 1451
81 194 1808
347 470 3721
547 479 4817
448 178 1824
317 502 4015
582 287 1218
184 181 2757
43 238 2195
127 209 4576
284 468 5144
116 123 4895
294 176 4602
184 49 2639
132 245 3918
129 267 1575
447 255 4101
237 528 2596
420 20 5613
493 557 3675
319 296 2010
230 114 4919
581 236 1531
113 489 3872
31 61 2334
17 516 594
250 500 3643
60 433 4615
459 184 1930
515 540 760
553 60 2928
20 426 244
107 493 2287
239 61 4005
576 405 954
421 209 3939
189 149 1902
67 145 2784
136 595 1412
407 279 3796
196 207 3012
386 231 3845
334 307 1033
99 270 2075
371 175 3807
461 44 3620
532 103 595
310 115 5429
514 266 577
336 523 4517
36 374 2542
389 36 1837
111 45 3046
555 519 4566
149 550 2804
271 289 3606
502 562 3829
22 261 2710
555 420 2867
582 165 1234
538 492 1627
394 389 2885
483 408 3768
181 548 3398
200 287 2844
94 352 1478
307 340 3487
258 524 5460
362 131 1395
144 256 4429
318 291 5089
597 446 2175
74 496 2680
344 532 2400
190 84 3427
87 203 3954
554 425 362
552 347 4470
280 85 563
388 464 5790
122 451 1683
461 294 3531
259 586 4736
385 524 3128
530 444 3178
486 480 1366
152 509 4171
213 519 2164
307 94 1027
444 47 3718
475 357 3286
427 291 3274
441 227 5353
521 418 1924
88 401 3738
126 236 1313
275 328 1629
328 58 829
46 532 2573
132 409 4835
169 444 2673
154 491 5400
439 88 2955
388 242 2001
333 79 1401
159 505 2756
189 125 938
255 130 4957
586 445 6078
233 77 1227
254 89 4391
577 259 3528
343 523 1253
20 40 558
321 110 3749
176 214 3950
277 302 1684
96 92 5468
542 73 2554
508 75 1076
276 304 4476
589 224 3501
210 574 4138
397 554 1014
346 156 2207
541 74 2476
544 175 3242
280 538 4434
379 407 3464
301 340 5577
32 500 388
498 336 1825
81 335 2100
107 553 4813
467 338 2173
74 572 2788
253 581 3214
401 230 3121
548 310 4570
267 418 528
131 76 2501
560 163 6177
408 312 1311
479 164 2935
34 57 1088
182 450 1717
446 275 2117
340 114 3071
337 243 1759
424 460 3778
88 393 3052
595 468 2057
587 242 2421
95 169 5980
48 72 4328
387 307 3104
379 409 1013
143 326 2478
515 201 3522
458 182 681
448 581 3523
139 181 3257
489 397 2092
524 128 4346
354 93 6595
162 595 4639
154 80 2591
201 92 2143
538 122 2169
581 91 4601
321 136 7229
587 107 2524
485 494 3123
213 437 1163
45 21 2747
133 98 3363
201 534 1985
281 275 1378
387 184 1891
316 231 720
31 162 5327
134 368 5912
204 109 5664
193 370 4976
175 89 4455
524 105 4252
261 579 1915
565 22 2346
582 120 3300
247 341 914
81 520 1490
436 183 841
26 393 1831
467 191 3769
233 31 2133
570 130 5760
548 157 3170
463 32 940
164 579 3806
472 346 3945
589 237 5340
227 447 3459
62 75 2451
287 159 3396
489 402 1582
545 34 5601
413 350 1164
467 118 2015
174 298 2034
142 524 3838
502 230 5718
153 222 3094
245 116 4979
10 39 1591
196 103 959
504 479 4476
512 368 2416
395 73 2483
585 398 4216
532 290 2150
386 161 2689
118 472 1591
91 51 3300
486 69 4658
49 516 2620
366 23 1571
96 369 4106
196 278 1253
551 473 591
74 521 2358
33 203 2231
295 341 971
484 254 4111
555 371 2407
42 263 3405
479 588 2144
525 81 2166
50 171 2961
400 596 3496
265 528 885
592 124 5464
302 61 3579
185 365 4717
257 510 3326
21 456 2785
36 530 3013
535 320 4174
398 589 4284
53 88 2239
397 274 3860
6 16 2592
407 565 4692
139 559 3567
471 36 2383
424 514 4605
30 102 3273
563 64 4965
470 132 1747
571 555 4609
523 310 2782
131 502 2159
426 79 4324
438 61 2523
273 543 3717
317 494 2767
253 299 113
4 579 2326
451 154 4770
298 24 2320
110 494 1473
247 495 2075
39 405 1450
56 13 5276
355 84 5535
525 544 1211
246 431 3037
116 568 1146
389 343 4631
423 192 1889
97 536 419
584 528 3314
311 22 2891
524 143 3597
485 220 2998
445 482 1756
439 272 1532
426 331 3521
511 46 1911
185 576 2412
187 368 3129
293 34 5879
257 199 3888
59 294 2229
461 104 4974
85 20 6572
186 558 2453
441 369 5022
151 199 4804
236 203 3078
313 102 518
512 464 4212
127 285 5694
565 76 3545
323 397 3579
364 565 3157
156 332 2716
166 404 672
64 505 1368
82 571 6203
126 454 1061
398 109 5105
569 443 1848
253 166 2364
489 411 1704
55 17 4214
516 325 2392
70 296 6226
298 90 1609
540 243 2915
534 61 2037
170 0 5519
200 580 5094
340 403 5460
391 578 1611
584 130 2643
500 574 3445
469 144 3362
249 259 3745
368 44 2940
217 413 4784
497 253 1830
321 309 5452
388 180 2147
572 169 942
52 206 1895
428 67 1094
170 324 1626
84 556 3648
539 537 5874
563 77 5533
239 360 4533
282 170 3634
517 304 3265
231 396 601
197 381 4743
154 73 2214
558 291 2939
12 209 5127
509 569 3170
480 408 2871
439 192 2392
370 419 2322
437 31 2971
588 169 3060
454 549 4776
335 551 4390
92 354 509
493 560 2618
156 249 3659
421 551 2969
296 246 1356
137 219 2954
490 40 2949
18 6 1791
6 475 1591
435 193 2608
490 310 2267
66 576 2453
330 596 4287
555 189 1926
275 520 3404
447 84 4731
346 546 3004
562 275 1774
509 248 3564
401 91 3545
534 323 1203
26 63 2267
480 112 1426
558 112 2925
249 434 4162
201 283 1520
403 47 2091
227 454 526
6 590 249
565 488 3315
175 8 1628
213 293 3595
546 174 2120
556 513 4003
31 506 1975
307 432 3092
193 505 3074
126 301 3372
44 138 4564
150 223 6278
62 382 867
145 411 1321
14 300 1583
356 122 1619
409 471 4014
488 193 2299
188 542 2193
482 231 1795
76 544 1564
133 590 4151
49 361 4444
138 593 4103
321 286 6665
447 198 2675
144 425 3584
318 159 525
581 545 5957
36 283 1379
441 146 3047
146 29 2197
424 164 6529
560 286 5557
17 58 3712
493 83 2092
394 74 3532
220 109 2111
285 132 2358
384 593 2608
7 88 4798
199 572 2708
431 33 2437
165 485 4675
268 408 3866
152 119 2551
126 182 2751
120 137 4658
351 65 1235
249 83 3142
195 466 4903
417 159 3787
538 593 2983
53 386 4605
254 310 4443
16 286 4160
255 237 4255
27 405 3269
148 349 789
143 516 3298
293 565 5323
495 73 1763
532 411 2048
491 355 1572
41 467 4261
575 413 4592
60 432 1742
163 566 2900
182 482 2396
587 512 2082
448 588 2670
311 42 1983
317 280 4773
229 13 3356
76 194 3205
145 144 3218
133 38 3670
374 560 3313
308 182 3711
375 127 5951
427 556 1839
343 463 2693
26 353 3292
582 147 2641
194 184 2152
508 123 1091
40 401 2209
112 243 3793
109 301 1859
594 382 1196
49 411 2017
311 116 3567
439 214 2860
74 29 1903
284 531 3085
55 193 4694
209 114 5299
595 430 2177
72 232 1951
39 28 3492
324 438 1513
260 560 2487
113 507 5524
264 179 904
386 473 3768
54 319 5261
529 246 5724
68 445 470
1 121 3104
326 334 3252
399 462 2911
183 100 2436
255 480 4121
16 356 2704
587 306 2087
481 315 2752
342 490 1253
525 330 2750
103 435 3869
506 271 2348
17 22 4799
269 201 2421
527 452 3682
404 576 1097
125 171 1690
237 446 2303
65 226 4254
477 38 2094
17 418 1459
106 184 4302
390 59 3311
105 278 3741
413 40 3108
356 574 2691
390 192 2384
387 59 6373
158 130 3608
467 410 752
535 100 1308
4 351 4171
504 584 4723
533 338 4697
471 444 2088
162 50 1816
106 356 4269
245 371 6022
269 6 4888
235 327 3630
533 282 3198
213 303 2668
19 60 2263
46 420 4412
517 175 2893
269 446 2184
510 456 5082
200 95 1553
22 444 2614
360 549 5860
108 567 2095
388 531 3392
135 10 4135
238 508 2966
220 48 2328
98 419 5518
538 501 585
332 561 4715
33 20 2794
112 291 5863
145 195 465
221 224 3514
247 269 3885
523 268 3901
378 476 5363
348 140 623
540 280 6233
335 319 1845
68 393 1782
479 372 4465
568 13 2926
402 510 3092
319 222 1746
341 265 2929
453 211 843
373 527 2304
143 57 4469
160 516 2719
134 118 2792
298 402 1154
505 555 2886
220 594 2929
163 307 4530
374 400 2819
436 364 863
485 41 3791
100 408 2212
264 244 3677
529 392 5637
100 490 1624
441 158 2637
104 163 5768
51 70 1692
291 375 5157
384 521 4881
288 13 3751
464 589 5131
443 163 4017
582 444 2032
550 251 4182
213 542 1332
317 542 2191
356 502 5122
416 73 2339
284 215 4709
14 560 5704
435 553 1493
421 267 637
561 292 5370
584 588 4406
432 559 5728
394 33 1254
304 334 4461
159 492 1968
192 206 1236
394 236 2476
209 237 6097
569 160 1224
44 235 5348
509 432 1879
508 359 549
325 288 1816
198 592 3717
553 434 1249
597 537 5067
252 271 5658
482 511 3572
483 426 3362
248 282 3290
27 352 1624
277 549 5378
167 39 1710
221 572 2163
174 538 2670
265 346 2679
379 135 3020
13 428 2069
574 182 7180
599 454 1165
24 278 1751
386 335 3472
340 549 984
362 403 3566
48 227 5028
3 429 1022
11 148 3502
154 447 2797
328 432 2299
397 384 3534
545 73 4386
318 232 2895
543 121 2430
242 243 1154
517 85 2012
112 415 3167
157 473 1334
597 564 2334
178 561 4932
525 208 3996
581 554 1984
244 428 2806
427 483 2748
298 598 4632
242 83 2200
220 363 2798
100 168 530
591 473 2707
69 281 195
392 534 1887
359 545 1810
383 241 1883
341 128 3242
594 115 5257
132 128 477
214 25 5429
421 249 4146
264 241 5584
182 201 4082
1 343 1487
513 372 5046
496 219 1982
125 267 2747
9 544 2706
448 28 2116
427 275 4087
6 319 5086
80 294 2740
131 376 3874
581 408 5204
84 261 5107
113 307 2617
436 45 4299
155 162 4209
330 139 687
323 157 1735
40 222 3295
51 443 1276
406 519 689
351 434 932
101 111 543
207 141 5996
368 490 3990
245 451 6253
84 123 1781
114 8 745
328 404 2645
427 106 1421
167 107 1374
320 234 3131
506 492 757
309 557 4023
515 183 1385
514 590 4003
269 39 4503
333 506 3312
503 348 4277
423 416 2048
55 278 5768
348 419 1807
155 38 4534
540 181 2807
594 578 2793
478 226 630
249 501 5318
373 5 1730
42 257 1546
114 275 3597
447 474 4357
176 58 2880
269 472 1583
407 574 2085
571 24 3221
24 48 1784
249 232 2609
280 115 3494
469 245 4469
456 149 3281
184 123 4232
56 446 4152
103 40 644
260 8 1411
550 381 4137
294 154 2992
552 522 993
299 235 3611
489 61 1756
570 400 2671
516 551 3365
247 282 3692
168 579 2571
398 143 1502
333 540 3103
410 443 3980
333 521 5652
517 594 4531
269 200 888
178 277 410
146 132 2651
142 503 3549
353 332 1515
109 147 609
519 298 882
305 572 1940
247 589 2458
557 232 6005
586 36 1541
416 282 1983
168 382 3306
245 195 5422
580 315 3344
79 100 3746
126 520 896
146 186 695
338 35 5559
357 238 2916
22 340 5691
19 24 2251
202 188 4204
408 567 3860
287 245 3634
593 456 1678
321 118 4238
340 25 4871
145 393 2461
111 489 2464
91 546 2559
140 582 4435
183 574 5101
154 506 2181
395 278 1718
191 570 3995
445 286 5823
409 316 3518
477 543 2369
124 53 3569
369 5 2849
477 509 2913
571 597 1962
61 432 3700
541 47 4499
210 545 2825
109 44 730
128 572 3452
595 117 4345
332 104 4472
591 223 3878
440 328 2613
367 238 3995
162 29 2962
406 549 5339
544 162 3332
561 464 301
454 443 1684
90 134 3452
224 26 1993
480 206 3079
347 463 3052
6 36 3861
477 252 3825
551 408 3997
317 419 2579
35 308 1385
413 436 1899
466 488 3540
84 502 561
176 356 3776
32 593 1947
378 497 1117
144 390 3563
508 484 734
520 412 4677
60 184 771
494 544 3335
241 7 4577
521 520 2836
486 117 241
545 540 5845
267 281 3465
289 273 2519
218 576 3493
249 163 1660
583 128 3769
400 431 2078
352 102 3020
359 194 1257
276 388 4594
449 282 4066
280 347 1478
422 527 2642
156 528 202
447 564 1144
13 542 1823
59 208 4495
83 281 1624
104 340 4290
274 354 5160
6 177 3596
159 444 2630
517 151 834
544 449 5009
55 132 3613
262 193 5005
511 591 2931
358 105 3095
425 416 4092
354 292 5726
379 566 2041
295 64 4042
585 452 3208
88 376 5033
383 297 1313
335 385 2915
351 210 2464
27 284 2242
314 430 2516
46 111 3878
123 454 1828
485 48 4955
255 32 3128
387 95 772
209 391 5387
399 262 3704
346 224 2086
209 584 4584
93 170 5246
124 451 3978
240 227 1639
437 307 1968
95 364 5234
281 580 5614
419 408 3680
213 332 3077
544 310 3827
239 76 2939
316 264 3326
290 73 2879
451 240 4402
47 18 3598
471 190 651
118 160 1647
436 448 2142
540 149 4415
530 151 2149
134 2 4850
331 289 2526
220 450 2867
565 241 176
385 428 1088
10 303 1927
543 289 1443
10 309 692
359 427 4252
498 111 1512
214 189 3402
438 278 2725
595 253 2425
274 585 1017
156 282 1855
70 280 3337
505 188 1989
407 191 782
184 583 2008
482 68 1315
503 251 1647
308 397 679
305 412 6354
118 529 3463
151 568 1203
428 329 2064
160 466 3736
507 114 4007
331 323 4311
578 162 3598
385 407 2442
210 372 2955
88 427 4136
487 218 2414
505 585 2327
449 310 1957
491 597 4491
252 117 4349
49 208 2741
370 40 4801
302 278 904
243 296 3114
449 46 6517
267 462 2953
3 117 2960
522 125 2797
117 80 3105
176 461 4814
287 492 1436
191 76 2398
171 547 4341
363 530 6043
144 6 4401
484 561 1255
403 257 2374
124 111 3256
511 392 1445
532 458 1439
117 380 1942
17 311 1912
591 369 2705
84 519 2041
238 143 1757
303 159 2322
187 459 515
322 290 3700
74 194 1839
526 189 1314
91 306 2535
545 551 4757
107 548 4464
48 74 4053
447 25 5205
371 34 4730
136 480 5805
425 417 2508
530 546 4620
268 69 1184
558 130 2033
200 471 4709
408 4 3827
597 289 657
555 545 4400
101 155 1408
543 516 4783
135 65 1815
533 404 3983
536 285 5287
561 511 4609
179 28 3986
358 287 3144
16 72 2241
88 243 1473
560 58 3610
91 141 2020
257 569 752
473 435 3834
500 323 1883
464 357 1396
68 351 4194
193 42 4783
345 421 3836
165 38 5774
546 99 1890
322 12 3528
170 565 5372
27 4 395
137 55 5215
558 34 2221
259 530 6341
191 259 4452
525 465 2453
338 396 2333
523 430 4360
414 336 3224
367 318 1550
532 46 2573
221 342 1542
351 45 2324
393 353 2257
21 85 3606
458 223 3658
68 524 5144
248 387 3841
432 121 4750
552 17 4744
280 376 6699
488 210 1479
312 555 1760
350 261 4509
121 521 2824
187 108 517
509 213 1792
277 312 2322
415 598 3529
546 90 1498
247 150 4269
264 32 2698
331 546 2764
153 208 1119
441 581 5741
308 499 2380
384 241 2349
71 545 2569
191 539 3582
136 117 5753
509 546 2640
347 348 6051
232 211 4845
501 176 875
25 508 2197
512 299 1595
316 387 3490
471 538 3135
525 122 2909
289 441 3580
326 322 5778
218 229 3111
525 57 1880
77 305 5789
450 426 2424
302 592 2561
79 111 1832
403 387 4695
448 221 2197
411 528 1342
505 435 2162
71 512 1863
79 136 1641
477 43 212
158 481 2253
163 211 1360
82 484 4142
392 249 657
298 29 1750
62 343 2461
478 42 2356
244 427 4553
169 148 2439
168 53 2660
313 581 2312
434 190 3959
259 48 4827
211 301 1997
548 297 1582
300 518 5407
259 162 335
355 217 5133
570 39 4404
320 333 1315
474 536 5857
190 423 2278
230 424 4466
6 27 1080
392 438 2138
501 445 774
0 47 7955
405 429 5435
523 342 3580
305 485 1984
384 114 3835
585 536 1969
302 154 2098
310 32 2901
553 447 4138
279 44 1716
435 54 4765
338 84 4171
23 129 3412
103 467 1065
377 17 2499
158 544 2908
185 305 2354
97 113 5892
470 410 2593
284 589 5219
407 111 614
64 267 1122
476 44 1953
391 60 4604
116 464 5131
409 538 5293
120 228 1891
405 364 1686
4 359 2424
92 191 3237
94 239 2980
416 258 3748
479 214 3858
146 510 1231
278 319 3630
216 64 467
60 571 5034
52 261 220
354 133 3835
82 185 4090
198 542 2442
234 275 3375
69 469 3059
547 504 3909
98 543 3834
249 435 3867
132 582 3517
245 422 1719
286 346 5304
315 336 609
184 241 2932
225 107 453
515 356 3662
515 496 1054
42 351 2898
99 418 3871
500 196 1485
141 427 3728
517 454 2745
505 511 2156
332 13 1854
322 83 3289
344 410 2576
75 553 2550
363 296 5069
417 12 2803
209 581 5174
460 386 4579
81 180 1090
15 434 3677
250 409 1741
399 571 4152
521 248 1972
432 599 3165
510 570 5124
546 139 2571
359 213 1841
91 20 3539
420 14 4372
198 439 1524
594 518 3998
513 556 4003
251 174 1695
452 480 4932
114 416 4879
373 318 5330
28 460 4097
545 26 3532
314 204 3284
501 330 5431
427 181 2883
474 193 4663
327 530 1864
79 592 2519
566 174 622
456 43 3195
270 150 3365
372 22 1607
491 369 4964
533 514 1566
137 461 2390
129 432 4430
174 31 2606
277 473 1805
419 493 2012
144 183 2677
560 572 4535
293 156 2995
511 226 2315
459 589 1183
288 599 2065
439 2 3196
92 365 5178
457 413 2701
358 577 2939
348 356 4823
483 29 2009
590 77 5314
418 419 1292
575 565 5116
415 400 1282
423 52 794
353 386 2975
176 113 3115
107 479 4371
475 22 2575
184 236 3676
246 368 1183
319 199 5663
523 205 3123
366 474 1750
244 513 5702
427 157 2540
441 127 5186
270 574 5363
44 529 4492
298 207 1341
268 293 4778
162 404 1158
246 372 3417
264 575 697
531 159 2222
496 498 3278
170 360 711
500 64 1400
589 394 1447
313 105 3424
97 294 1949
190 441 3673
311 452 3291
87 34 798
81 223 3398
309 36 1248
415 173 2813
123 432 3985
338 20 654
534 188 2701
270 220 1425
181 255 3879
334 148 2143
284 96 6004
337 33 2599
39 271 3966
495 220 1229
113 559 6186
226 199 2817
85 540 6611
376 188 5472
387 590 5160
516 209 6515
372 122 3820
580 596 5095
57 210 3608
405 288 3405
378 167 4239
92 564 3817
244 167 4954
523 39 292
555 516 6105
70 68 2110
235 373 6193
328 274 2507
434 546 4180
413 200 5407
261 317 2617
68 374 4180
306 537 5004
216 323 3705
201 365 3156
134 392 4754
283 85 2718
192 289 2908
308 118 2514
504 99 5361
566 452 4555
208 487 4114
506 298 1123
566 321 4749
171 396 3584
134 453 4335
6 516 2961
511 287 1317
97 544 2030
599 229 1790
309 445 4609
226 195 3307
22 346 4316
398 483 4971
255 219 5298
338 479 5040
370 575 2268
125 380 2050
421 289 2099
386 413 5192
521 232 5404
89 385 4264
219 203 3155
113 538 2902
573 85 5889
274 243 2115
247 320 2193
167 61 749
447 569 2627
576 510 6208
408 456 4558
213 126 548
302 27 3319
191 95 2330
167 574 5395
465 41 5374
541 585 5273
563 208 4761
305 61 3377
231 243 1709
401 516 2921
588 257 3828
42 76 3029
488 33 1713
89 56 6899
579 406 1651
242 396 2425
398 141 5612
28 538 4517
514 461 1842
292 438 1938
214 426 1155
269 162 5324
448 366 2173
474 95 1130
372 429 4916
234 49 920
258 323 4196
394 373 3242
58 380 3403
192 417 4076
346 487 3626
563 408 5089
208 576 3854
464 353 3430
44 265 3365
208 324 2833
429 300 4362
285 56 5356
251 407 3196
363 331 3105
148 61 1677
331 335 4288
192 341 3768
98 174 2621
143 81 760
129 354 1170
283 494 2047
534 522 891
96 186 3386
367 317 2078
583 95 808
87 460 5379
2 450 3086
144 72 3661
426 264 5803
448 544 1594
348 134 3271
449 556 4058
498 500 2092
456 523 2087
173 21 3075
264 357 2898
192 189 1980
487 598 4222
120 240 3469
293 272 3516
296 203 3388
156 579 1035
114 177 2102
259 340 6585
343 308 4488
85 175 4562
262 38 1537
471 162 1525
339 178 3129
375 416 4832
231 380 3486
432 79 1666
494 426 4208
81 87 3350
30 22 3169
445 495 2567
315 449 2981
285 109 4998
215 213 1773
570 249 6607
431 199 2104
415 143 1388
177 39 3527
18 423 2974
425 565 4698
483 27 4469
10 370 4353
181 244 3774
449 328 3452
586 569 4167
70 367 4859
540 38 4310
156 245 4081
317 21 1551
24 449 4628
263 115 2229
118 501 2982
560 457 4360
358 173 2634
182 597 1989
22 480 4569
152 365 5100
25 34 5061
29 456 1994
253 235 3596
69 569 3853
66 568 3422
589 248 3905
422 252 4985
96 535 6135
502 530 5607
561 454 1895
71 66 2260
286 403 2418
227 277 3281
494 585 3594
230 295 313
34 204 5122
56 521 4932
457 287 1881
413 167 633
262 450 483
72 372 1543
388 299 3224
318 160 2420
306 543 1303
575 260 1077
122 110 921
415 226 1589
147 144 1493
210 59 3751
318 216 3684
583 286 4353
29 91 1480
243 234 2761
511 253 1958
526 449 4968
481 584 3213
547 401 1001
95 146 2018
256 527 2215
119 586 4539
254 410 2781
78 134 1628
34 218 2369
508 333 4033
74 419 1748
483 164 1312
427 418 3638
413 207 743
255 114 3607
315 589 3853
588 251 2288
154 520 1064
103 353 3197
391 256 597
120 364 4395
484 596 3814
15 57 5132
594 4 1600
84 284 1634
38 149 5886
308 48 5064
584 402 3236
304 165 647
110 579 481
223 429 3888
576 349 3852
115 451 3378
37 294 1981
569 144 3601
563 347 5623
578 99 4233
19 384 2303
383 316 3052
386 66 4956
33 462 4392
83 149 1743
470 47 3048
275 134 3561
512 413 3484
381 44 2699
287 302 2862
435 255 1463
335 492 2990
14 508 4700
388 115 510
580 205 1277
481 217 2195
377 570 2969
56 345 1633
41 398 1007
324 419 2109
169 376 1980
539 11 2848
277 555 2214
63 197 3906
68 541 644
107 362 2678
552 25 5415
51 42 951
489 217 2460
220 486 3420
417 19 2327
338 256 4541
450 86 3205
209 10 2706
124 306 2421
323 567 1144
178 410 1602
135 522 3354
580 207 1680
563 569 3158
400 578 2044
256 365 3664
105 501 1307
476 217 3897
570 390 2899
189 69 1749
124 433 683
321 54 1832
514 17 4944
19 99 4311
350 243 3252
256 398 994
52 344 1701
239 229 4721
220 349 584
46 453 1956
5 280 3184
97 186 3508
117 400 1885
70 477 2656
29 521 4242
228 395 6390
217 123 5674
226 325 1366
21 335 2097
220 329 2857
187 102 1114
463 245 3500
522 573 1350
222 131 2030
528 176 1730
581 141 5563
575 586 4420
259 198 994
574 582 3716
525 35 4769
478 398 2819
116 429 2128
453 133 2753
384 403 2664
240 11 4348
95 80 3462
528 189 1492
550 326 1183
367 509 4532
96 534 2319
373 509 1031
36 150 4826
347 92 5326
104 213 2386
568 155 482
188 166 4446
553 511 4911
426 110 3186
395 499 4783
473 115 4210
189 161 753
376 260 4818
537 117 3491
207 471 2786
49 597 2517
265 475 4498
222 425 2215
503 43 2631
483 11 4509
392 339 2885
576 9 739
163 298 4551
344 483 268
216 569 2683
183 306 60
569 286 3847
507 80 3343
513 185 3442
519 307 1827
19 417 2327
182 565 4911
144 206 3593
289 455 3794
372 251 1802
232 354 4522
2 594 2218
245 162 389
502 243 4231
524 488 2685
456 571 2375
375 466 5864
137 541 5635
45 89 4458
349 119 2420
298 46 3952
361 172 2245
74 201 683
174 241 3403
271 80 3878
75 14 4307
107 113 3205
289 500 1436
447 149 1884
391 533 5946
345 168 4484
462 68 4330
92 593 3239
175 434 4126
113 218 3524
377 154 3606
412 124 5072
198 90 526
25 43 2935
581 446 4173
309 113 4619
330 179 4263
114 402 1511
57 276 5075
522 148 1425
354 580 1010
204 64 2742
527 418 1851
123 113 2306
257 578 2172
84 344 5881
87 77 5079
224 194 1159
48 391 5463
368 407 4723
440 513 2379
527 559 3440
183 547 1746
177 282 1118
527 536 3471
49 100 909
436 117 4081
79 172 4114
366 119 466
521 584 4798
569 408 2967
328 455 3418
214 518 5409
188 74 2212
170 160 1579
274 544 1058
556 150 3777
145 84 4560
500 268 3082
452 141 4665
575 74 2565
89 458 6297
279 187 1870
312 120 2430
487 104 3372
152 265 2513
101 345 4043
51 538 799
448 279 2184
498 490 2507
232 161 3566
227 554 1036
308 209 5008
246 150 5842
207 473 1803
319 206 2008
164 552 3120
6 273 2303
241 251 2654
211 375 4972
256 82 3347
124 200 4904
463 296 2787
449 367 4475
377 294 4812
542 181 704
62 437 2336
335 155 2052
373 469 2842
83 87 3904
130 463 1121
487 50 3551
163 172 4312
356 77 1034
364 272 1492
130 77 3869
146 15 2578
491 194 2226
133 282 1146
508 15 689
198 453 3987
478 495 647
408 56 5077
163 389 1131
179 592 5266
212 29 3541
243 577 862
311 493 849
583 123 4337
94 402 1040
181 247 2173
267 520 1444
367 577 3440
137 505 2742
266 425 3538
91 553 3282
492 356 2771
362 351 1540
218 373 2052
489 124 2699
429 67 3037
28 20 3158
276 146 2025
485 393 3689
553 540 6342
97 138 5397
89 138 1598
95 213 3822
541 83 4636
457 260 3692
510 431 4577
139 598 1098
333 304 378
456 141 2734
448 438 837
19 599 3780
233 454 2820
435 91 1800
105 382 3054
128 442 2955
489 143 2005
122 568 1844
25 447 5205
58 125 2316
393 251 3628
256 309 3709
52 358 4273
402 184 2696
437 576 4220
46 310 5275
354 125 4988
534 563 2734
381 16 808
515 155 2737
66 260 3525
301 234 5265
194 112 3806
302 58 2589
21 101 1567
158 314 3253
303 45 5138
553 216 2276
185 73 1388
229 451 4226
32 246 2160
368 159 6159
203 6 3938
14 253 3231
77 231 3910
239 502 6086
19 10 2690
151 293 2453
32 73 1457
264 30 5710
451 134 2995
202 351 3333
170 5 3041
266 249 723
456 253 3100
328 26 2724
418 472 2805
58 67 1049
303 260 4419
118 169 1539
365 557 1185
301 27 4659
0 49 3296
427 358 2770
590 408 4199
315 456 5284
150 478 2658
72 303 1052
175 599 1388
166 381 2730
389 14 2266
22 531 2079
30 473 4940
528 527 880
346 540 3833
563 27 3431
425 528 1295
0 291 4941
350 456 3275
133 171 2749
49 200 2862
493 11 3036
219 139 3458
540 32 3160
90 575 5313
456 263 1955
261 439 3005
580 569 2536
393 141 5818
390 142 595
553 329 2062
32 343 3445
300 547 2561
308 476 2953
480 153 276
248 407 2751
181 397 1082
33 195 2982
261 191 1507
11 84 3484
7 106 612
22 44 567
474 405 6644
557 479 1313
543 128 3533
272 92 3129
175 201 1526
82 193 3333
523 402 2821
181 362 1807
187 473 1488
552 381 3111
398 540 5073
482 229 720
568 334 3141
353 80 1226
482 227 1227
507 567 2974
202 116 2521
30 443 4612
539 303 2393
451 366 1933
408 254 2854
308 381 984
58 234 3051
422 16 2478
241 83 3265
410 170 3654
183 199 2730
262 244 5391
264 254 4014
289 537 4716
22 78 4864
499 461 2595
209 455 669
378 279 4731
51 300 3807
433 512 3561
177 12 4858
395 294 2780
61 101 2985
221 218 1473
440 557 2658
26 386 5347
502 548 5292
560 132 1226
482 425 1545
503 505 2027
536 431 4123
586 449 6307
57 307 3726
70 504 1129
441 533 854
375 244 4582
356 593 3229
10 442 3608
143 481 1393
389 149 446
532 200 4099
155 226 3153
93 166 3273
212 90 5191
249 595 2136
320 77 2437
4 530 5221
156 127 3957
576 260 4987
45 178 2401
354 389 6464
26 232 3899
232 199 966
406 227 830
310 304 4652
450 52 4024
335 515 4445
465 124 4341
577 185 1356
573 441 2509
201 441 4220
344 112 5707
293 59 6908
77 428 2527
233 21 1675
444 561 2899
265 304 3413
204 152 1471
30 122 4598
370 247 4285
340 560 3238
200 235 5761
15 376 4384
186 77 866
197 345 3195
41 526 2486
23 175 2871
130 440 4748
129 71 1951
289 475 2489
265 187 1909
334 577 1710
492 466 2872
234 391 386
308 263 3178
51 384 3147
214 556 1659
307 159 2044
471 196 1199
231 480 1991
551 58 2268
547 428 3082
357 449 2002
451 368 4862
450 248 1379
236 25 3577
586 329 4641
40 462 5877
589 535 5379
481 385 1473
357 130 3456
101 315 1432
111 593 3151
599 339 3336
387 202 4644
278 19 2843
321 192 3201
495 136 3886
577 474 2856
550 524 4869
389 180 2388
434 577 2540
243 93 2774
222 323 1870
281 364 2718
547 171 4341
389 447 2213
67 116 2806
357 233 2734
328 244 2721
128 295 4073
315 89 1329
200 368 4006
9 173 4696
407 303 4737
408 511 3485
422 318 985
55 447 4512
429 249 4040
243 206 2162
580 11 4580
54 240 1483
536 329 5369
153 95 4333
114 506 1444
154 573 3252
545 127 6330
73 309 333
255 221 3659
477 511 2254
417 491 4336
60 439 3735
152 74 1530
239 200 2239
133 329 793
451 442 1193
514 226 3343
84 228 5728
291 285 4159
260 352 1542
35 190 4021
298 211 4409
10 157 1744
173 429 3687
396 131 2057
583 67 4220
157 196 872
63 206 1691
313 349 2081
502 135 5071
272 42 2681
147 114 5336
462 212 839
139 564 1799
473 222 2448
160 475 3701
435 523 4774
138 105 1382
16 182 3635
563 203 4295
521 414 4503
43 268 3848
343 451 5797
292 329 2839
595 105 3217
152 193 5161
297 184 807
207 75 2554
357 517 2663
261 28 1298
406 241 4848
592 475 4069
384 268 1795
519 203 3476
430 142 3243
133 437 1643
275 434 1132
93 206 3947
465 279 2302
592 172 3227
211 236 4442
394 169 1309
421 383 3349
546 554 1506
371 2 5214
208 535 1362
431 530 4872
513 390 2584
132 134 651
117 486 241
424 344 5213
546 341 879
286 67 2942
369 270 1264
201 578 2647
358 403 2411
405 192 5375
118 523 1649
142 474 4180
545 417 4956
236 37 1554
126 33 2331
63 485 3083
534 478 1417
388 59 4544
472 205 3547
66 122 2911
404 192 4399
6 550 5847
419 504 2005
490 433 2035
75 562 1641
284 291 5714
209 236 3936
426 574 6999
311 237 2454
140 428 3435
325 70 2096
578 349 4093
283 49 1711
28 552 1898
117 492 2640
33 453 1115
55 122 2477
142 373 4515
112 39 3042
0 31 3168
483 69 1269
477 424 1776
479 527 1743
485 86 3852
145 514 2766
110 161 555
112 275 4945
284 111 3169
470 313 1553
536 538 6046
470 112 2889
79 120 3271
448 503 1566
532 310 2773
578 319 5466
408 273 2955
241 424 5966
4 268 5141
357 225 1419
465 391 5305
202 428 2312
231 394 3004
106 244 5053
74 94 1131
184 75 2326
443 372 3706
480 165 5184
435 476 4877
339 267 3386
306 588 3205
246 44 2270
541 555 6048
393 398 661
45 489 3359
213 125 2371
132 469 1459
263 318 3398
27 594 1670
441 219 4599
71 127 3770
384 564 584
594 250 5076
344 69 1009
398 264 1026
179 561 4041
164 243 3259
264 547 5180
459 337 2366
560 389 5699
508 341 3339
197 464 6375
17 428 3049
235 102 5348
46 438 2797
528 15 1831
248 326 4154
0 214 6680
361 496 993
112 127 4056
174 566 622
196 551 1960
320 88 1381
461 240 6015
542 86 2123
586 336 3957
452 58 3173
551 101 3988
157 95 3881
267 87 4055
419 264 3830
507 505 3205
391 206 2815
132 277 3285
340 426 6590
118 548 3824
550 571 6366
251 351 2683
504 277 4763
599 262 1870
171 567 1935
18 122 2199
498 350 5410
185 72 1079
306 11 2281
106 292 5313
87 165 2666
166 207 3385
194 589 3548
273 527 2643
31 565 6065
404 154 1186
58 195 2336
92 207 612
17 112 799
115 481 2406
101 31 2562
293 80 3237
506 548 3164
285 38 3384
118 507 2200
509 83 965
286 306 2898
101 341 3060
532 4 2428
354 463 4241
13 435 1772
72 461 4656
183 121 1584
434 593 4244
559 443 4275
46 589 1200
336 475 5288
94 582 2297
440 568 3393
225 50 2847
324 20 2483
440 22 5043
588 162 4682
531 237 3221
234 290 3976
228 593 5041
411 218 791
364 367 2116
560 82 3948
530 283 1980
166 348 2326
106 223 3712
353 295 3182
370 81 2140
535 71 2671
23 576 5259
465 34 1662
582 362 2460
133 297 2192
166 558 1899
470 577 994
379 400 3790
229 77 4822
38 583 5382
113 554 3854
79 567 2537
481 214 2402
237 371 4277
115 102 2843
540 595 3825
373 59 5369
437 293 2753
584 280 6473
148 555 2455
129 257 1317
542 469 758
170 234 1813
447 288 3736
512 574 4535
142 372 2550
174 306 1816
542 46 4338
9 388 4215
194 485 4469
385 536 4506
500 130 2426
213 572 1666
213 547 2655
276 53 1699
446 292 2877
216 396 3193
397 476 2277
549 49 3097
292 71 3057
448 474 3190
476 333 3803
266 424 4959
271 334 1537
60 566 1456
492 134 1845
393 167 2432
181 250 4331
516 7 4368
541 44 4669
143 137 3141
527 147 2850
128 16 328
321 562 4112
393 391 646
481 335 2270
350 312 4209
48 429 3354
504 483 5990
16 166 3292
72 18 1753
234 464 1195
335 86 3583
528 482 2714
290 47 919
249 564 2484
427 52 3482
539 529 5160
410 197 3268
410 346 4544
291 306 3119
46 527 2919
400 363 3177
43 348 2238
583 570 5493
315 191 1379
383 360 4717
238 386 1653
484 363 3464
97 129 5658
106 321 4320
524 265 3830
85 115 4055
278 346 3909
375 153 1948
75 507 4140
259 398 4951
293 137 4740
359 272 2038
96 67 2966
454 94 1200
199 365 7550
291 494 4259
509 479 952
42 282 2823
6 90 902
480 54 1552
116 238 973
595 345 3072
101 411 1056
315 150 3845
505 242 1954
392 318 4556
465 118 3011
430 123 2992
51 293 3513
411 523 3372
522 485 3041
217 455 1578
82 333 3606
326 151 2616
418 361 4032
256 421 940
570 201 2878
303 266 3679
68 319 5058
583 179 1070
308 46 5186
86 228 4374
377 145 1497
351 365 2086
120 317 4081
223 146 3654
467 184 3452
130 342 2322
492 287 1436
569 227 915
295 520 3133
597 428 1582
182 298 2192
383 98 430
98 269 1864
490 505 61
52 258 2992
160 431 2225
324 318 2233
344 57 3825
257 409 4069
401 593 1419
575 357 3183
449 303 4598
151 37 1663
575 195 900
8 523 3975
134 581 3940
579 438 1225
170 161 2461
500 159 3234
437 18 3074
132 542 742
258 274 5427
76 182 2160
211 259 5633
188 153 3220
334 477 1455
305 473 2029
98 52 1562
300 293 5671
591 469 515
399 484 3174
420 142 4526
476 536 5131
106 503 3546
398 418 1747
13 9 5384
592 143 3985
258 33 4306
4 532 2428
180 152 3298
307 387 3104
417 42 4200
19 449 6864
178 42 4114
480 315 2798
375 86 1532
369 405 2969
104 300 4030
507 542 3169
513 585 5220
267 339 3386
93 137 1513
324 439 825
27 553 5041
184 580 4834
38 524 5429
379 225 5638
158 157 2726
387 24 3313
348 74 2843
308 483 4835
330 474 4941
97 218 2695
257 35 2360
29 291 2085
436 50 516
399 534 1230
290 240 3903
523 460 4718
81 421 963
132 500 1985
214 11 2382
568 73 1051
265 354 3169
205 556 2724
588 563 3478
399 65 1206
452 508 4649
115 424 5887
289 103 1184
453 539 2696
352 151 1684
302 535 5504
167 96 4287
522 273 3681
192 449 2202
469 238 1966
215 305 3909
302 222 3843
149 155 1364
379 199 4771
263 64 2757
380 106 5158
577 272 801
340 259 6585
196 276 3154
577 74 825
287 155 945
533 289 3585
361 214 976
413 226 890
556 466 2157
30 199 5689
125 514 2346
104 341 3446
152 495 1821
555 101 2313
209 213 2904
270 400 1744
261 314 2469
398 391 1307
143 174 788
435 293 1497
526 290 5610
407 41 706
140 366 4557
415 555 2644
521 179 3850
164 266 1631
518 490 2960
139 136 1024
421 239 3253
136 347 2830
429 509 1817
2 265 4436
68 311 1681
231 519 1115
293 17 4628
232 518 5314
106 193 4260
152 219 2064
251 525 577
478 233 2877
163 153 6238
481 132 2478
331 533 6086
379 397 4450
416 465 5369
62 21 1663
320 438 606
140 552 2626
546 491 4541
515 200 4836
491 496 4046
164 435 3610
453 43 3189
100 594 3357
426 524 2343
12 446 4741
542 487 2092
283 17 3681
595 126 2616
340 318 5418
469 344 3455
26 303 2920
357 538 675
311 521 2589
252 129 4898
316 406 1292
541 337 4536
467 462 5824
493 76 874
200 11 6381
542 162 3595
534 538 2842
478 148 1265
279 131 2651
441 281 940
512 177 2069
535 244 5768
249 223 570
120 241 5550
420 581 6275
184 36 1282
582 70 4219
144 245 4172
244 17 5756
271 185 3313
347 562 2976
360 514 3746
456 21 2785
108 427 2546
254 550 3330
224 353 1437
573 135 4411
377 337 1682
559 231 2853
380 58 3403
575 219 4461
458 447 2765
123 292 4746
432 276 2862
272 278 2008
253 409 3434
316 0 4911
549 352 3851
462 500 2826
347 7 6071
402 36 2436
51 3 3356
72 359 2798
380 537 1558
92 591 2919
325 530 3555
249 560 5664
7 482 2430
415 344 2563
591 141 4158
91 157 1882
367 447 3535
189 535 3910
2 486 5696
589 188 3399
446 463 2273
39 593 1063
207 281 4801
421 393 1174
308 507 3339
95 3 517
430 288 3933
201 539 3877
129 261 4029
475 236 1594
480 23 2869
44 389 3583
499 560 2527
473 256 2549
17 317 3501
170 258 4698
543 408 4204
57 370 5331
471 149 3769
490 415 701
112 331 592
219 198 341
462 251 4526
542 53 2431
410 81 3329
59 463 3175
52 396 3266
594 500 3338
468 531 2115
47 204 5049
225 45 6210
326 433 3827
521 349 4214
486 422 3913
359 17 1971
482 111 4070
538 181 1548
18 590 1542
281 49 3585
592 71 3776
589 412 3463
294 217 1267
303 547 584
510 514 3309
569 497 2825
225 61 1521
233 277 3261
184 434 1185
375 515 5115
97 27 5296
503 344 1133
161 287 732
66 270 1685
536 541 7208
535 111 3389
163 486 5848
31 81 2347
178 238 1369
486 535 1525
385 49 1793
501 488 2916
84 143 3428
285 23 911
28 467 1915
14 470 2917
246 166 2488
229 551 1441
347 514 2905
436 96 2999
314 254 2533
451 338 5957
344 598 1004
516 87 5779
290 427 1960
476 565 4826
522 262 3240
262 563 3482
149 52 1288
433 239 4696
445 287 3736
466 330 3832
570 386 6723
588 161 2619
163 406 4981
259 25 4084
314 165 3060
241 293 5331
246 42 4670
216 495 2239
130 147 871
158 337 650
146 365 2093
278 374 4475
182 187 2945
250 507 5089
415 402 1107
158 83 951
247 75 3608
313 299 2011
181 141 4388
501 163 5947
301 455 1380
317 485 1969
255 496 4758
558 590 2103
182 142 2379
208 210 2256
305 470 2671
509 285 2945
395 228 6390
320 327 2552
416 470 3144
10 446 3239
542 473 1819
358 77 5502
44 76 1162
312 479 691
132 150 1521
207 170 510
123 49 1613
9 270 1830
226 161 2314
62 129 1526
261 181 2578
356 216 2392
592 529 6247
297 596 5479
114 541 1678
544 158 2908
465 398 6017
530 296 3847
229 223 4916
429 202 3886
553 340 967
347 126 3684
19 226 4741
593 584 1541
173 486 1436
168 69 4790
564 49 2287
289 88 2589
190 132 2372
592 147 1042
177 462 2205
467 264 5466
142 231 729
580 571 4697
260 152 3028
90 595 4309
152 434 4659
46 62 3574
386 399 2023
81 142 1795
388 256 4631
131 356 2992
195 20 4645
134 479 3625
72 362 3341
225 513 1544
560 452 5458
312 391 3279
239 256 4162
105 98 4154
300 140 2485
410 247 1053
350 413 1164
453 383 355
44 299 2160
341 211 3067
257 277 2498
123 441 5973
446 492 1548
169 388 3334
98 31 4957
503 194 2861
293 171 3519
436 335 4253
346 532 3136
484 497 2728
34 13 4874
472 121 3440
101 480 3369
308 549 4366
404 354 3969
377 92 2522
194 22 4353
523 23 4445
473 284 3236
336 582 2370
327 458 4529
594 39 625
225 365 5484
506 392 3553
570 540 5361
154 145 4171
346 493 2247
3 160 2948
158 36 2176
71 97 4193
249 260 4073
2 306 2196
351 380 1936
567 289 1790
429 281 2407
143 276 1349
572 445 4551
148 493 624
245 516 4879
28 400 3433
142 391 1873
576 123 4928
522 288 3442
428 105 1463
47 136 5415
537 290 6880
561 192 2539
390 515 2425
268 130 1662
374 517 662
47 115 5627
82 77 634
411 199 4591
327 303 4780
354 9 4491
50 207 2103
149 14 2191
72 414 1924
14 525 1859
98 206 3139
436 525 1123
182 107 3530
525 546 634
1 21 4387
518 590 3064
400 174 1593
565 280 5089
429 548 705
416 348 5262
430 547 4526
254 143 2619
162 426 944
218 413 3361
349 1 4597
41 528 1076
219 276 3169
49 519 3027
33 150 5249
265 529 3015
207 246 4862
544 308 3680
497 558 2242
37 127 2789
325 334 944
309 216 3961
111 212 1468
572 74 2788
159 501 1902
554 175 877
269 77 761
415 398 2710
563 487 5248
529 329 3063
232 241 3713
225 286 5692
556 504 3881
583 464 4934
7 11 433
58 321 4678
5 398 3062
441 318 5808
252 494 3708
127 479 5146
94 179 3646
233 2 4871
281 127 4486
67 339 3512
260 74 1603
101 47 5473
330 127 4571
77 15 3725
438 246 1926
268 584 4300
448 316 834
145 561 3920
406 316 1292
170 237 2156
469 426 4009
546 505 1898
170 96 4500
400 420 3461
475 393 4810
132 106 2812
44 233 3773
76 517 2879
550 592 4862
557 128 3869
297 290 5787
22 9 1699
314 580 3206
21 387 2682
192 372 4724
141 309 2489
353 253 1524
351 259 5025
361 14 775
277 471 1146
338 206 5481
454 395 2626
551 567 2646
395 525 1852
106 500 3035
552 271 5262
158 32 2028
358 275 4673
302 356 4439
374 416 2762
172 396 1747
184 467 3452
350 102 2790
369 540 2464
35 112 2289
35 83 3767
228 574 733
278 104 3633
165 373 1780
476 53 5158
2 407 5105
251 160 2152
47 267 4137
99 320 3618
319 48 1951
63 51 1145
536 169 3517
178 393 4217
469 337 1544
580 338 5122
543 311 2368
173 220 3426
409 134 5076
451 312 1828
77 543 4760
75 190 2759
393 286 5070
368 305 4131
512 230 1386
497 125 1191
116 345 3158
153 39 3586
9 469 4107
520 377 2560
374 566 1437
23 352 1875
341 76 1022
441 572 2944
90 241 4658
428 380 2549
144 81 2815
223 484 5006
294 158 4395
374 100 2820
416 591 2935
592 486 5856
202 373 3370
114 571 4471
407 458 4469
76 418 1966
0 46 6088
593 14 2409
225 87 5012
164 363 4943
77 356 1034
61 269 3499
225 214 4623
275 197 2574
254 180 1530
28 65 1523
384 113 3475
360 431 1470
116 580 5450
572 198 1996
182 580 4534
586 49 4441
592 158 3950
445 0 5331
222 549 3198
218 524 1916
86 532 4276
2 247 1089
382 122 2894
516 238 4795
542 579 1342
431 381 1805
364 591 2968
69 517 2512
155 92 4159
473 319 3860
494 417 3593
256 378 2577
495 426 2900
313 512 1399
527 148 224
122 573 3839
478 518 2932
65 554 4223
452 3 6652
417 520 2445
250 458 4476
255 350 6184
539 459 1581
300 418 3639
517 465 5717
310 288 726
44 438 2539
398 197 5371
389 551 4967
478 590 1408
551 118 1462
28 362 3332
285 398 843
199 8 5243
48 598 550
331 366 2692
146 309 2937
263 576 3250
382 150 3626
323 385 2500
163 312 2792
238 593 2153
335 13 1191
590 12 2229
568 589 1010
553 538 4450
566 38 4099
480 272 2946
220 586 2292
508 458 3367
501 558 2459
384 179 2928
19 498 3326
390 379 3797
366 427 4834
52 535 4515
560 152 1548
93 586 481
98 410 3842
23 310 3450
182 472 3863
152 473 1942
91 402 2705
223 184 2770
172 147 2278
317 540 1471
589 225 5165
544 453 1467
129 289 2114
19 17 6464
545 276 1619
585 0 5207
399 496 2026
153 207 1262
64 428 1567
339 480 4605
272 389 2904
57 202 2008
552 174 2694
401 570 3339
58 167 2450
294 590 3831
389 452 5261
222 538 2730
20 488 3307
206 449 3439
64 311 2209
177 97 4156
518 261 4724
552 123 4994
308 286 4812
491 509 2157
100 171 3856
381 446 1494
155 285 2781
422 326 5593
443 514 2685
363 463 2772
196 385 1484
232 84 4377
114 523 4037
229 397 729
264 192 856
422 76 1511
194 523 4593
348 575 5395
56 364 1740
81 530 3007
366 408 1554
233 520 3120
440 334 1916
595 406 3784
267 216 1430
407 372 4733
279 340 5331
538 73 3471
377 598 4915
333 370 4650
540 589 3147
28 326 4442
455 71 4089
146 9 4707
50 249 2819
249 187 2236
98 486 5089
95 588 4494
164 451 4610
444 175 1472
502 389 6838
568 144 1382
321 104 1761
201 427 4035
507 222 3889
98 243 2463
320 296 2722
472 595 839
593 363 1362
582 332 2339
557 314 3962
256 148 2092
459 563 2518
188 47 5915
514 233 2784
444 421 1071
576 134 4405
360 248 1136
574 243 3932
545 16 2375
564 53 2817
409 292 1700
57 77 6016
445 247 4176
155 493 1922
36 221 896
229 386 4999
433 585 4195
543 538 3617
108 541 3453
230 307 3443
96 396 3810
108 134 2340
141 239 1502
42 54 2375
285 410 5342
482 121 792
340 186 2419
2 178 1929
480 294 5225
474 320 3610
0 407 2397
551 286 3822
193 182 4859
152 72 1843
444 264 2632
525 95 5281
251 536 3051
343 113 6144
474 169 5763
250 272 3201
194 142 3150
560 141 6364
280 25 5564
63 561 2774
565 348 5349
114 560 368
111 519 3621
350 354 2695
316 446 1703
274 511 794
558 598 3765
218 542 2115
42 301 5270
549 539 6133
595 515 3065
289 403 1087
491 440 2738
41 341 3194
594 371 5276
573 222 3226
303 429 5077
31 353 2250
587 336 1064
534 449 3984
149 311 4129
515 533 3439
232 451 5720
401 303 1337
400 390 655
258 232 6540
387 160 2714
516 212 3622
77 588 2966
546 461 3684
308 383 4548
574 79 3422
546 276 3363
149 183 3502
361 150 5626
51 288 1814
265 483 3690
485 524 3711
348 90 570
582 404 3293
482 393 2909
489 84 3452
400 477 579
213 110 424
180 134 2874
526 185 3549
388 246 661
168 230 4835
124 151 3155
23 374 640
293 158 1505
418 259 3218
115 592 2116
118 18 2288
527 15 2691
222 250 3542
435 560 3660
95 156 3217
533 525 3078
58 262 2870
386 362 3835
163 214 3140
140 102 2665
335 487 381
350 24 3430
250 243 3047
212 243 2927
166 470 1796
207 264 3693
567 58 1489
542 567 3364
268 252 2361
424 441 6117
342 172 3591
102 8 3706
566 364 2621
491 214 5115
10 523 1461
501 247 3911
166 341 787
162 169 1667
72 426 1832
179 420 1096
51 120 2256
479 232 4701
355 5 3448
300 119 4569
349 214 2630
304 476 3727
87 479 4121
158 471 4256
154 176 2138
395 351 4736
544 31 4295
464 114 1028
488 96 2838
531 332 3801
423 150 4076
126 113 3188
120 492 3055
225 289 3040
220 549 4290
226 255 4981
101 188 955
387 13 1387
500 497 1243
396 408 3439
82 65 2105
95 68 4892
156 537 3479
275 468 2815
111 230 3624
96 112 5776
491 139 3387
338 99 132
525 552 632
536 591 4344
556 84 3648
235 120 3609
292 367 6013
436 290 1265
169 191 3686
358 103 2649
379 181 3369
59 281 4391
0 282 2751
595 192 3280
272 323 1370
310 505 2207
482 198 1873
43 276 1891
571 424 2689
585 544 280
150 53 3853
394 509 2344
559 107 4337
592 469 4143
170 516 1997
367 303 502
553 406 4894
331 570 1948
266 384 1574
514 539 1670
390 171 3291
305 107 4243
582 427 3329
133 56 5105
161 496 1986
16 239 3717
16 245 4124
308 434 3893
34 244 4402
307 267 407
107 84 846
156 453 2801
407 121 3745
162 547 925
557 583 675
46 153 5906
46 106 3733
573 155 2402
149 468 2539
93 45 824
32 428 368
33 567 1116
333 207 4575
427 325 3412
400 238 2456
49 313 3641
488 156 1086
104 13 2900
330 570 6803
461 217 2397
148 113 2998
267 133 1775
540 548 5690
470 92 2519
33 295 882
414 389 3101
55 551 5440
575 311 3458
152 504 1576
565 136 933
150 213 3423
13 554 3330
525 408 3673
535 130 5195
421 142 2109
256 63 1363
397 565 5395
35 116 5042
499 404 4332
335 289 3180
456 16 4115
516 284 874
400 215 2949
111 544 2586
183 299 995
557 367 6320
551 453 4054
404 210 2650
510 146 1231
421 497 1144
292 551 5074
318 313 2880
499 132 2427
140 129 2455
7 0 7379
437 96 2734
508 306 2341
4 232 3051
159 278 3526
557 127 6438
325 76 1691
488 104 2908
599 433 2102
2 309 1811
495 54 2282
501 577 2245
245 59 844
474 84 4612
329 169 4744
85 451 1122
124 533 5993
443 25 3485
184 3 2106
321 586 6915
477 41 1883
102 216 3994
457 357 2821
124 31 2411
355 479 2357
365 374 1302
576 532 2133
57 562 3454
215 185 2491
189 17 3880
439 464 2070
384 16 2906
216 122 1181
424 377 3363
566 169 3331
562 413 2769
546 25 4162
589 562 1980
260 170 2951
543 305 1037
315 436 4454
402 31 1993
4 504 2429
583 125 1441
241 47 4837
354 390 2091
120 490 2325
349 164 2985
181 68 2060
279 312 3309
274 416 2561
501 428 2514
362 154 3571
240 279 3363
413 245 2679
519 500 2743
189 97 3348
115 23 3089
88 254 1766
408 558 2410
206 281 2826
68 151 3408
386 538 5153
536 187 3271
374 520 3697
83 247 3374
86 130 5340
94 363 2300
351 331 4309
42 290 4178
545 64 1286
54 540 3528
542 57 3994
452 259 1355
551 153 2971
251 8 3239
148 292 2851
271 65 5603
568 381 2549
484 498 4139
552 73 962
154 540 1515
400 539 3446
306 334 2520
222 333 2244
239 399 1353
370 391 643
296 382 4445
554 159 1247
274 142 3479
45 246 1153
426 457 1043
597 379 3433
71 319 2693
159 134 2040
414 123 4048
447 59 3187
439 306 1048
412 208 5687
149 497 2755
138 565 5367
491 219 5055
439 472 2456
290 348 508
589 193 782
359 548 2653
78 489 3419
73 339 3138
358 98 5577
248 13 2666
242 578 4345
73 275 2399
70 490 2593
502 358 2466
524 229 4239
186 192 2124
65 96 2669
74 337 2262
577 205 2120
119 250 5185
19 451 4766
304 250 1232
591 173 2531
589 251 1599
219 349 2580
198 504 3800
309 109 1029
457 525 453
571 18 3205
43 371 3240
518 438 3989
502 207 1375
389 496 2894
280 325 3698
526 418 3734
52 70 3888
351 383 1767
234 35 946
251 511 420
57 237 5462
0 208 5949
421 243 1723
484 66 1448
572 351 3101
80 320 504
258 190 4755
509 358 4418
252 57 5480
467 27 3698
113 236 4450
305 356 4759
493 123 2682
14 474 5642
55 300 5988
254 338 3915
290 453 4841
400 384 2819
305 363 535
516 383 6068
227 236 1957
106 526 4932
335 202 4073
317 442 3326
305 436 1398
455 260 3994
185 570 3780
550 95 868
269 597 3471
300 241 2474
469 400 994
428 339 2512
172 327 4687
560 463 3900
446 515 3494
536 253 4136
429 487 657
277 138 4146
294 595 2696
155 213 1455
184 530 1774
44 423 2828
92 250 6298
330 191 3116
280 575 1061
173 111 2998
30 540 4667
418 182 3333
58 223 2257
340 491 2174
344 304 390
180 347 2122
91 30 2412
4 95 5385
371 350 5323
450 373 5122
438 161 591
96 497 4052
207 456 4381
247 567 1309
227 174 2544
100 136 5177
256 451 2563
595 535 5121
424 33 4539
8 327 1169
492 157 796
325 515 2925
92 83 3997
524 305 2465
526 459 2559
326 451 893
181 412 3876
196 569 1850
212 156 2138
18 159 1083
94 368 3913
101 9 4833
67 81 1014
587 145 1290
591 151 707
84 574 5876
349 345 2609
74 292 3504
306 364 829
383 495 3227
19 454 4945
21 541 3863
160 142 1544
552 280 5355
442 386 2716
544 244 2437
7 531 2221
467 203 3582
311 481 1929
255 250 5136
543 527 2368
117 584 4980
354 187 3705
57 275 4937
263 100 3106
382 118 952
454 360 1119
422 99 1884
524 481 2204
455 1 5860
351 404 4089
466 506 3627
219 302 2069
412 180 2426
290 162 601
303 426 1025
162 283 4454
227 78 1228
392 395 3608
270 85 5147
218 374 2543
595 79 386
306 374 3603
598 129 5702
31 587 1834
94 201 1703
102 351 3005
107 485 2465
509 539 2623
590 153 2499
16 425 1294
344 11 4564
141 344 1066
251 532 486
577 245 3994
340 542 3244
293 165 4329
242 308 3481
12 315 6221
537 19 5402
43 407 2425
311 131 1427
3 190 4405
135 153 3949
3 512 3666
556 421 2266
189 274 2930
357 2 3886
315 472 2971
15 479 3574
451 143 1690
328 50 1747
510 36 2760
239 556 2531
134 413 2141
570 293 4916
557 402 3582
279 36 2969
467 510 4931
340 418 3562
407 88 1458
298 316 874
14 145 3889
523 388 4214
130 377 3976
380 371 1732
65 323 1731
358 277 3099
23 361 4187
207 576 3268
270 5 2022
357 586 4597
1 366 5894
483 391 5270
256 291 4548
268 236 3779
270 527 1600
403 11 2092
118 33 1842
461 563 4659
12 366 5369
151 146 660
32 517 1452
473 346 2208
100 167 1801
356 454 3256
503 370 3949
399 352 2311
411 409 2184
269 592 3440
520 361 3265
251 275 2508
475 553 6891
549 589 4650
194 207 3321
416 380 3846
14 323 1236
418 299 1181
91 3 2989
230 79 2621
563 139 2959
371 194 1592
454 254 3596
4 369 607
182 549 7240
98 220 2496
175 595 3830
590 578 1836
220 571 3056
515 591 3547
268 518 6325
567 427 1421
524 429 4021
538 583 4598
590 407 4095
24 478 2073
182 95 6811
337 206 621
29 102 906
431 531 926
391 344 5094
567 534 1636
551 197 4702
24 231 2183
171 439 3218
577 212 2307
34 3 5595
423 188 1519
569 406 352
156 428 703
581 69 5126
171 293 3519
562 521 3582
80 265 1414
274 501 4774
397 256 1180
594 133 4648
398 171 3879
590 477 1568
166 516 4891
101 35 3482
83 240 4631
375 586 5552
228 442 1568
203 556 2110
490 342 1253
588 387 3810
44 22 567
387 20 5652
341 132 3183
457 528 2538
209 61 4490
211 200 2128
525 502 4618
344 149 1352
363 542 3405
166 490 2605
285 40 4936
16 102 3040
529 483 5954
540 73 1969
66 567 3563
128 27 1564
175 367 2560
325 587 1109
245 133 5575
12 491 6821
144 254 669
517 422 4034
446 356 1985
175 26 750
284 210 2206
545 208 3982
227 407 2935
575 148 2717
594 90 186
121 155 3680
423 286 2646
317 321 4484
175 258 4261
476 285 4640
130 48 1785
577 249 3265
421 559 4489
326 57 6924
167 544 3179
513 359 1828
133 66 3829
36 353 1770
137 346 4781
434 144 3309
76 2 2127
365 269 2067
20 516 4964
213 474 3521
593 132 2679
507 595 4562
426 528 3433
275 215 1039
429 92 4148
32 599 1101
243 6 3159
217 345 2088
121 443 2744
409 377 4001
459 516 4586
500 261 1496
499 160 1628
214 540 1016
255 471 5383
118 514 1912
73 233 2950
239 522 1940
247 361 1590
303 577 3204
59 65 5133
448 506 1196
557 211 2258
379 588 231
284 313 4564
413 60 5108
445 121 2117
298 272 1636
186 145 689
6 442 4804
371 91 1913
91 245 4624
273 125 3951
372 287 2678
87 535 5712
599 122 1515
132 578 1463
545 592 5762
563 10 1293
556 91 1947
260 367 4630
340 239 4101
499 558 2362
455 373 1890
493 31 2741
298 236 883
515 147 1469
232 542 3738
304 19 1101
557 548 814
116 472 1006
225 567 4805
67 586 3267
289 157 630
48 471 3288
471 179 4951
538 587 2114
145 261 1555
377 286 4372
311 511 2337
210 591 1421
526 143 2263
101 131 2576
489 362 2588
320 1 4411
16 327 1693
92 37 3389
441 596 4899
541 343 5202
538 3 4062
559 495 3180
544 568 781
436 64 3545
337 66 4130
371 494 2904
374 491 1180
242 61 2778
485 246 4482
28 495 2781
507 580 4136
117 98 5245
335 323 3009
274 188 4393
9 140 1397
37 307 1870
569 431 1388
326 174 2957
572 421 3210
110 377 1703
240 586 6537
69 521 5738
145 53 1415
427 269 4437
317 373 3489
316 196 919
316 377 2340
39 148 2479
577 496 2165
287 188 2514
192 524 4687
178 190 1412
464 230 5237
349 79 1240
171 468 1823
2 145 4944
595 452 4466
395 304 3631
585 555 1326
576 480 4405
440 118 3668
456 597 2637
64 92 2633
419 487 3796
471 142 2079
566 480 3306
586 420 3709
312 251 2080
337 390 2976
105 346 2001
136 315 4506
435 308 3405
17 65 5276
256 433 804
375 58 3728
43 139 3327
582 64 2703
219 516 3428
254 261 1029
241 302 3243
391 513 813
346 115 5675
110 520 1458
424 521 2412
213 95 3822
292 297 360
144 211 1745
118 525 953
348 263 3318
525 76 933
218 72 2580
401 395 1461
93 121 5298
90 481 3023
115 31 4946
533 341 2736
536 274 2347
408 548 1100
494 302 4475
456 247 1332
560 529 1278
416 193 500
64 314 2286
550 559 6445
469 28 3047
165 480 5184
488 379 2176
589 493 2526
389 537 3850
79 540 4141
486 277 4452
84 559 4442
467 225 5080
270 164 4275
582 494 3149
30 49 5421
523 46 3500
459 567 1220
573 278 1435
540 87 1206
44 190 991
373 173 4933
242 510 3667
510 152 4512
380 503 3391
530 354 5353
246 468 1414
498 59 5667
335 555 2913
553 212 1559
316 299 497
331 354 877
232 491 5961
566 242 1941
169 157 2214
403 419 2979
374 157 2684
334 412 3917
84 50 3025
160 491 3365
0 312 3347
198 263 2437
359 488 1833
514 91 863
305 5 3521
319 496 2762
579 211 3163
427 133 4776
292 293 1951
581 62 2055
320 563 3108
397 62 1459
144 567 1216
267 202 3232
538 362 2288
511 491 4197
220 208 3779
24 495 1779
68 573 5331
392 197 1226
155 98 1609
388 220 2222
257 424 2052
234 255 3448
346 480 922
539 278 654
525 308 3443
319 212 3045
141 566 3096
400 321 2735
528 379 3149
239 555 277
420 83 1499
395 222 3797
202 63 2822
176 557 4782
123 335 3323
355 3 490
328 360 2498
356 363 4591
198 551 252
132 552 3769
165 469 3434
566 170 3184
465 342 4880
322 302 1921
41 239 3174
468 480 4563
141 108 3636
499 320 2194
469 131 1114
46 174 3141
589 192 3832
393 107 1639
348 214 2720
485 125 4997
260 207 3220
293 63 2883
188 312 1628
148 147 2878
240 236 3540
277 93 2538
138 68 3250
186 173 3885
346 599 2294
270 48 3412
209 108 2994
22 596 1892
123 225 1433
433 438 3133
51 430 2242
241 42 5723
120 51 2256
106 214 1795
221 459 1596
15 252 4330
151 252 1891
28 186 2228
543 428 2551
13 567 4454
359 538 1425
502 332 5448
314 5 1651
140 396 1689
411 173 3426
168 265 1962
135 284 3936
268 309 1830
559 497 5086
350 459 3137
534 577 1054
113 80 3042
321 106 4320
307 144 3542
436 421 3023
426 81 3321
393 327 1474
127 318 2730
227 565 5569
372 361 2121
489 577 1385
113 417 4889
109 413 3758
554 547 1359
412 179 1328
589 40 2541
553 334 3656
168 195 2612
210 481 1562
239 109 2911
260 562 1639
595 31 4092
83 523 4022
598 435 3448
1 101 5954
567 504 5336
241 488 3239
329 228 2159
127 335 5692
300 45 3392
476 226 1204
539 207 4094
447 282 2211
271 454 2038
204 180 4129
93 135 3626
125 438 1276
441 433 5538
534 487 2515
80 346 3161
154 556 1704
19 111 4001
236 67 988
447 540 2566
368 262 5630
497 148 1768
143 501 2156
64 494 995
385 432 3327
259 284 4415
117 480 1169
81 345 2881
556 185 703
15 54 2214
588 271 6213
347 169 4980
16 369 1623
536 290 5458
501 286 5269
299 19 3856
527 282 1570
417 348 2926
481 5 436
99 65 5156
20 465 1229
362 88 1675
7 367 575
29 138 3296
268 116 1403
490 262 2393
348 405 2231
48 540 3725
240 164 7398
162 197 5064
56 101 4939
200 412 484
57 82 6424
551 174 2816
466 386 3662
59 50 2211
184 6 4707
597 403 1339
372 24 2645
410 596 1295
468 196 1146
432 37 3116
569 489 1344
575 536 5075
198 243 2515
130 363 2368
187 492 1220
155 263 965
592 590 4693
108 28 2233
223 327 4684
313 519 2257
234 162 4429
500 481 748
84 110 3235
456 349 2693
500 557 2681
231 533 4461
307 99 3677
71 178 2436
79 553 2889
191 142 2802
464 213 3075
31 575 1816
207 112 771
189 275 667
335 339 1553
580 115 6216
483 71 3354
407 461 2673
167 240 2285
452 314 2955
547 37 2601
347 16 3743
482 598 6238
285 149 3707
265 306 2375
418 193 4281
90 364 1720
58 374 2787
392 34 2330
357 39 2476
381 370 1895
375 330 5379
376 385 2690
291 203 2594
194 250 4890
104 135 4064
407 559 5295
465 186 5715
489 174 1520
253 445 2729
576 555 4757
175 519 1327
231 510 3885
113 567 5105
488 265 1175
233 315 1021
62 400 1334
147 486 5702
459 135 2916
417 408 3705
595 112 5277
436 326 5428
214 352 3752
388 111 2952
225 544 4534
315 574 1655
345 38 4634
430 598 3918
409 145 2666
373 13 3074
575 58 3233
548 426 5872
266 312 2288
460 485 4435
31 415 2980
468 522 663
296 114 5956
3 439 3947
68 470 2610
327 268 4447
34 64 4329
181 192 2091
183 120 3707
361 557 4674
108 207 2388
210 379 3520
567 492 2607
216 300 4773
498 265 2221
162 569 2507
355 289 4481
436 238 2702
427 0 6992
181 278 2463
371 255 1349
398 60 3873
63 290 3528
174 560 2962
470 584 2423
475 411 4207
218 70 3824
516 199 5272
570 177 3729
98 237 5989
303 422 895
564 220 853
228 439 4350
329 203 1641
454 133 2696
207 531 1969
491 493 3667
307 20 3230
415 192 2406
490 355 3298
297 394 3687
436 556 1233
372 191 4037
416 466 4225
569 149 4187
394 136 2313
210 290 2901
530 219 5024
66 107 1496
158 358 5193
328 229 2542
23 105 1523
441 484 5300
409 399 1880
93 230 2119
163 539 2655
42 219 3180
127 119 5247
341 460 4045
460 552 4723
576 468 2795
334 193 4667
317 247 719
23 50 3336
520 198 1172
55 212 896
442 276 2708
255 468 5023
570 457 5024
292 202 4062
486 64 1229
350 550 6057
95 310 4940
512 30 2923
290 178 3185
482 253 2648
203 164 3660
129 27 452
149 435 2087
161 189 753
356 494 2755
185 353 2399
131 366 885
452 553 7042
168 399 3406
464 481 3609
565 530 4607
519 22 2947
355 184 2581
491 174 2524
391 549 4199
567 70 5243
158 366 2725
504 531 3220
165 32 2289
522 424 3777
408 503 2386
327 177 1035
172 391 4135
562 506 1244
481 523 2725
434 488 2136
47 552 2574
402 553 3593
401 220 2255
29 202 1255
151 41 1158
574 109 6296
293 464 4438
454 261 3304
225 283 3869
495 440 2796
194 204 3213
517 215 2021
252 291 1809
69 525 2752
384 552 2531
149 594 5137
591 461 2588
226 259 1842
103 159 3331
481 247 2081
487 185 3070
461 128 4076
356 277 2761
447 452 3211
574 144 5056
60 0 3705
189 417 2640
200 528 3010
333 230 1288
456 381 3648
376 250 5241
517 547 4515
42 359 666
380 390 3349
512 260 2491
267 73 2641
498 331 5060
366 282 2376
440 298 3440
191 405 4607
352 123 1543
76 443 2069
293 570 4916
195 423 1094
251 331 3298
280 382 5294
95 14 5445
87 48 2773
412 304 3965
36 135 2450
320 87 2707
55 3 1018
525 353 3049
358 431 1728
491 234 3988
419 292 5244
346 584 3380
373 551 4661
429 68 4194
346 594 2635
99 464 4756
25 92 1037
264 199 6532
365 229 5373
504 126 2954
70 475 5398
51 285 2029
354 42 2059
283 57 4514
169 339 4498
514 297 2353
518 124 1417
209 507 4912
321 400 2735
435 267 2609
457 394 1444
401 415 1699
599 507 2441
510 290 5957
597 190 723
482 459 3665
38 69 5610
196 73 405
87 338 1693
465 429 6127
411 83 650
577 276 1702
324 42 2324
368 312 3195
397 144 4264
114 530 3739
429 22 4042
16 550 3477
197 416 1161
231 274 2851
123 126 2670
231 512 2135
553 200 1279
202 518 5097
122 411 1190
327 361 4670
124 254 4583
290 322 3700
412 522 4003
581 340 6684
342 45 2211
577 544 2023
332 63 2561
177 102 2802
182 20 1202
145 386 3194
83 389 2178
174 170 2568
453 413 4809
400 579 1295
163 293 4804
384 316 2162
387 55 1147
200 111 1652
548 153 4159
595 489 2390
345 77 4811
298 415 1211
5 328 849
341 414 344
97 394 1841
271 63 2960
588 28 608
44 149 3308
127 384 4334
128 556 2456
535 449 392
243 390 1846
57 73 2564
239 138 3669
69 25 6222
553 208 5448
534 10 1455
229 228 5176
157 371 2713
171 509 433
470 519 1680
246 401 3892
186 466 4703
58 295 1578
539 264 5270
45 400 4322
118 594 2045
310 442 4153
259 294 3134
522 307 2487
64 73 3186
6 582 4284
187 260 2185
255 421 2711
550 281 3050
77 436 4706
533 80 3042
550 366 2878
267 250 4832
231 318 1500
26 361 4697
20 475 1169
354 58 3937
233 25 4441
216 376 5024
97 104 5853
384 350 4326
163 419 5821
262 185 1701
557 280 1030
541 0 5798
297 495 3376
370 193 4976
500 32 388
267 65 3383
277 125 3167
521 247 4760
187 417 1327
261 165 1526
479 404 4114
583 180 2589
336 173 2837
433 531 2214
325 547 2635
210 61 676
349 567 1987
270 572 1383
506 289 1486
347 573 4286
332 389 2860
390 314 791
276 413 2815
308 503 3731
381 0 4909
468 354 4995
498 414 3214
298 143 2081
367 101 4962
486 265 1689
20 243 2869
529 0 5569
317 186 3140
260 559 4953
57 98 5040
298 208 2095
264 257 2694
154 311 1409
6 481 3169
28 408 3116
236 286 3372
484 349 2923
197 386 535
556 376 2622
574 391 4091
564 81 1301
327 393 1474
37 405 2593
398 269 2895
300 516 5405
379 386 309
162 213 3094
181 139 3257
159 32 3389
411 469 1384
86 151 3474
320 467 2309
20 466 352
421 12 4758
338 174 3901
90 238 3580
275 481 1529
392 225 5396
287 572 1454
501 362 2093
29 229 2776
410 50 2076
495 584 2758
257 195 2104
183 394 2211
264 263 3666
480 274 4779
11 220 3467
359 157 1827
438 328 767
272 580 3766
87 261 3464
141 251 2991
466 65 4565
17 328 3161
422 428 2620
163 374 3936
165 223 904
134 214 4493
561 254 5306
557 529 5510
273 377 1950
500 220 978
203 165 2645
281 225 5401
107 169 4076
458 102 1940
154 576 1462
56 92 3675
498 523 4925
8 573 4840
477 320 2086
107 331 772
30 395 5465
171 18 4154
399 103 2582
214 537 6147
377 280 2420
247 530 5099
434 408 1345
375 107 2477
457 85 5778
539 504 5478
205 260 2717
167 263 2775
579 220 629
512 448 1209
118 561 3606
535 495 2766
457 323 2024
506 527 1374
400 474 3124
108 301 2975
397 313 2995
29 422 2382
70 196 4036
171 247 2878
440 374 1614
485 156 2960
230 529 5381
458 352 3118
373 483 2278
21 219 2202
381 391 1543
59 315 6095
390 435 3356
296 532 3740
557 338 6331
528 102 2355
97 494 5272
482 186 4792
404 87 1338
166 170 2899
229 93 5487
534 548 3186
314 598 3944
219 387 4703
386 204 6309
31 235 2552
201 334 947
567 383 2468
388 593 3232
532 568 1610
436 435 4195
247 148 2093
505 60 2696
577 232 3523
187 362 2270
189 235 4732
21 15 2744
301 353 3463
342 481 857
65 401 4357
508 510 3257
78 116 5526
253 513 2964
130 154 2627
360 46 4567
94 315 3144
406 573 3815
101 582 1531
55 6 5709
1 386 5096
182 138 5477
509 278 2800
110 562 371
492 591 1849
182 271 4379
216 358 3986
455 509 1955
247 419 2990
415 412 3611
400 426 3437
478 60 3631
363 312 4084
470 236 1165
47 450 2222
568 31 3619
101 178 2914
120 237 2583
73 520 2170
410 569 3133
393 417 4310
62 356 3176
221 526 1703
191 125 1263
238 251 1420
306 98 3699
364 10 453
210 568 2102
240 91 5298
216 500 1867
552 83 3220
351 60 1367
137 239 1577
358 476 969
358 232 2517
70 499 2149
395 139 3920
572 324 1780
128 570 2179
248 560 1654
547 121 1144
19 117 6165
583 487 1512
223 17 5944
320 336 2256
181 476 2169
226 535 2712
360 114 2560
58 246 1793
303 516 4118
278 148 2217
136 297 2271
376 553 6782
344 70 5441
197 473 4254
111 47 5200
564 242 1452
384 464 4552
426 44 1286
134 334 265
51 157 1678
537 507 6793
99 238 3883
312 233 1065
178 477 2592
449 142 2553
261 407 2136
348 472 3870
89 338 7092
573 262 4330
83 380 2149
112 563 4715
19 204 6966
263 384 1161
271 491 5496
343 228 6505
484 550 4294
97 378 5208
319 291 1587
412 192 2628
561 246 5749
479 55 2784
105 511 3280
84 68 677
539 41 4051
577 42 1902
438 273 3182
16 129 1455
188 233 563
294 367 3346
506 280 3608
576 353 4770
447 0 4961
553 383 3393
506 124 1536
360 457 2192
204 324 3290
486 498 3648
420 430 1289
526 272 2454
481 555 1960
253 308 1696
2 195 4913
441 588 785
585 493 2199
590 218 3217
423 168 2970
235 313 5196
561 335 3985
596 492 2772
511 532 668
336 339 2104
461 428 2553
290 106 722
43 586 3799
285 32 2274
495 59 3401
216 505 1816
346 598 6180
25 88 5075
496 22 631
573 141 1989
121 125 4483
438 247 2737
580 382 3996
142 230 3627
124 455 6113
392 175 4106
130 106 2441
270 141 4012
265 286 3682
164 176 6020
441 359 4540
227 317 2450
300 302 875
34 98 3955
540 494 4067
359 28 3731
557 549 1615
396 239 4036
535 394 5615
484 161 2332
235 441 7172
308 435 3405
238 65 1350
118 237 3708
132 415 1907
545 461 3705
164 576 5357
597 180 2285
18 520 1132
546 285 3885
250 106 4526
520 379 3865
95 402 3602
32 430 1501
443 159 3088
106 121 1485
353 567 3214
352 91 2991
374 46 4344
567 519 3159
86 135 3958
302 243 3052
179 533 4822
39 2 1693
344 390 3733
43 94 559
172 461 4714
450 598 5555
458 570 4515
304 543 2299
350 168 3177
267 98 4095
393 268 5302
368 402 4638
365 301 5116
349 400 2079
596 203 4388
129 229 246
66 504 2654
96 259 3954
132 94 1681
275 184 150
296 364 3754
572 384 2128
463 158 2633
450 195 3970
235 319 5981
201 467 4101
456 364 1425
567 233 3658
147 162 3018
522 440 4162
413 31 3439
590 334 2566
266 34 2389
472 419 3740
276 328 2107
250 363 4389
32 79 1626
79 449 5071
160 472 2117
464 38 538
243 2 3064
556 238 1471
160 423 1519
206 474 1394
580 249 6133
206 173 3236
2 147 1419
297 541 5845
522 241 2195
308 184 3647
372 261 3905
434 189 1524
352 399 2311
217 137 491
195 489 2764
459 218 409
412 404 5575
469 259 3949
441 340 4733
69 170 4486
439 189 2449
266 306 2606
538 495 1747
563 228 6444
462 15 2861
548 367 6018
87 576 2026
491 64 2692
53 387 1096
575 429 1041
466 118 2149
472 350 3791
257 143 1254
57 584 783
417 75 3531
418 311 812
158 464 4542
594 328 3094
361 11 3352
514 504 5181
221 174 2026
77 468 3930
315 370 1913
595 359 3291
448 13 2224
213 217 2639
385 391 2025
515 74 2963
265 351 1485
336 531 2800
457 469 3096
543 164 3929
142 596 2841
31 248 2327
273 350 2688
538 130 4128
495 275 2492
211 42 4815
177 448 1015
550 319 2005
422 432 4923
57 371 5735
595 114 4232
192 238 2797
373 382 4109
423 191 605
286 181 3454
56 310 3137
459 228 3929
388 567 2167
366 100 915
78 348 2646
311 90 1955
155 139 1484
381 390 293
54 182 2855
83 562 1467
272 21 294
125 577 2044
516 100 1771
233 569 2973
561 394 5553
355 454 4307
312 496 2276
153 141 6417
309 225 4405
13 242 3684
163 340 5390
473 470 935
552 11 2702
380 536 5415
344 400 3810
99 151 4373
141 147 2344
75 185 2306
507 426 1321
34 523 1012
258 310 4764
332 21 2637
68 450 1831
383 41 3249
266 354 5619
485 157 2550
289 155 1947
334 503 3620
274 42 4697
31 199 6039
329 409 4055
220 482 3454
223 494 4727
217 75 4125
226 465 2989
166 111 3663
303 503 3883
289 19 3451
192 479 2457
189 549 2995
392 521 5906
575 403 4607
202 462 5276
394 587 3481
530 528 3070
473 401 539
299 230 2745
1 270 2814
464 500 3074
377 467 4647
142 181 1097
498 322 3778
398 478 2819
584 261 4377
57 465 575
291 70 5384
444 250 3950
335 98 2985
250 42 5781
286 171 1269
433 365 4469
456 520 3179
68 538 585
81 187 1031
48 543 3129
297 567 3538
579 142 1790
369 155 3268
70 152 2294
480 512 3796
299 524 2914
325 355 3711
153 467 5192
599 287 1034
324 380 3165
536 394 2211
386 415 2855
417 170 3163
441 64 4194
127 484 3951
563 394 1609
11 153 4156
467 486 5469
279 54 2016
138 311 2985
499 398 1356
10 394 988
208 62 2493
140 551 1041
348 388 5177
4 406 675
396 597 570
338 113 6119
136 314 3765
428 28 2232
543 22 957
438 259 4095
396 527 2066
596 369 2549
392 118 2242
102 160 2619
263 437 1157
530 153 4474
567 332 4360
272 209 2583
306 87 2220
550 263 3550
436 224 3074
36 286 1420
496 4 3260
154 595 3919
206 237 3382
413 221 4828
295 460 4633
304 91 1346
169 272 2248
63 342 1341
189 559 4375
559 357 3701
582 176 3909
194 247 4220
