0 70710
1 0
2 34909
3 22752
4 16377
5 41512
6 0
7 61552
8 21538
9 42699
10 24149
11 26229
12 27416
13 32427
14 14050
15 50552
16 16734
17 51531
18 34246
19 27373
20 35386
21 17961
22 41692
23 63814
24 16307
25 34500
26 47296
27 50618
28 33333
29 41729
30 49235
31 49849
32 33892
33 46152
34 42977
35 38056
36 60904
37 0
38 48561
39 43027
40 65190
41 38919
42 40850
43 42445
44 16809
45 27129
46 13658
47 44175
48 44206
49 21337
50 42561
51 41775
52 33170
53 17999
54 43282
55 34189
56 26853
57 0
58 11335
59 57554
60 17107
61 55003
62 54163
63 22691
64 56179
65 27078
66 8579
67 46894
68 0
69 39499
70 42352
71 47981
72 20448
73 43911
74 38822
75 45825
76 4698
77 56294
78 46880
79 0
80 31763
81 26812
82 34829
83 28047
84 39425
85 47101
86 24740
87 55977
88 54818
89 14174
90 26467
91 23830
92 37943
93 54534
94 53482
95 23580
96 24529
97 59052
98 13194
99 45374
100 17969
101 48761
102 48422
103 13490
104 36892
105 54848
106 45136
107 14397
108 48845
109 0
110 36009
111 52332
112 42671
113 20303
114 58225
115 36196
116 28443
117 30379
118 33396
119 37296
120 0
121 0
122 52025
123 21296
124 0
125 42464
126 38573
127 16004
128 27882
129 32759
130 23643
131 46225
132 40063
133 36250
134 7136
135 41131
136 42048
137 39282
138 45308
139 0
140 56719
141 49081
142 9138
143 33919
144 7223
145 51671
146 34512
147 42478
148 49635
149 28330
150 55138
151 28934
152 58866
153 17272
154 37225
155 55987
156 27001
157 45683
158 44871
159 51879
160 44601
161 40111
162 55715
163 46389
164 26998
165 40274
166 50084
167 21986
168 42637
169 56588
170 48078
171 39212
172 44120
173 61338
174 0
175 43545
176 17959
177 37570
178 49541
179 40356
180 16220
181 12149
182 62534
183 29525
184 54626
185 37048
186 45007
187 47070
188 36873
189 39538
190 31376
191 44660
192 42446
193 56282
194 28505
195 42222
196 8522
197 49347
198 47953
199 42105
200 16424
201 33170
202 49348
203 9344
204 37513
205 24728
206 39836
207 45965
208 35622
209 27623
210 35430
211 55839
212 41187
213 63201
214 47601
215 38024
216 47120
217 38457
218 57503
219 52914
220 55148
221 0
222 54554
223 5870
224 51087
225 42646
226 63866
227 31186
228 30628
229 55339
230 43260
231 56248
232 62403
233 39296
234 31681
235 24392
236 35896
237 45228
238 33649
239 0
240 58759
241 29149
242 48073
243 31209
244 42624
245 29338
246 43431
247 28119
248 13316
249 22453
250 8735
251 40031
252 44640
253 54953
254 27971
255 52032
256 28469
257 29273
258 35234
259 23509
260 0
261 0
262 19436
263 50409
264 46806
265 40439
266 52431
267 18431
268 17728
269 11879
270 34986
271 38520
272 33358
273 13880
274 10845
275 59507
276 40355
277 33001
278 46138
279 22670
280 18596
281 18646
282 9009
283 35573
284 11487
285 60019
286 41342
287 25324
288 41156
289 34831
290 39797
291 39268
292 0
293 13599
294 48886
295 39281
296 12306
297 35726
298 37431
299 31319
300 45076
301 28079
302 0
303 35929
304 26585
305 32338
306 44547
307 48683
308 46141
309 32923
310 42933
311 29367
312 27083
313 0
314 41214
315 35180
316 47354
317 25225
318 41722
319 65061
320 39846
321 0
322 12995
323 52461
324 3939
325 43685
326 27915
327 30937
328 8538
329 29987
330 18723
331 10170
332 38320
333 37838
334 30104
335 36703
336 20394
337 63514
338 40324
339 30332
340 24776
341 22775
342 20673
343 44877
344 34701
345 58467
346 61310
347 36308
348 58217
349 28497
350 0
351 38473
352 43109
353 25798
354 33070
355 42041
356 50748
357 51562
358 40527
359 64783
360 18530
361 52644
362 37648
363 35020
364 47637
365 53672
366 44814
367 36741
368 0
369 24897
370 26005
371 41780
372 27193
373 25640
374 39144
375 46661
376 57531
377 32103
378 35101
379 43146
380 17513
381 25280
382 47702
383 56722
384 42257
385 45908
386 30464
387 54387
388 44762
389 48694
390 43499
391 33987
392 15598
393 0
394 58859
395 35611
396 54820
397 35251
398 0
399 37746
400 60136
401 9956
402 32855
403 48380
404 34818
405 28264
406 20481
407 54452
408 43031
409 58653
410 58160
411 9011
412 44050
413 0
414 45795
415 48961
416 45757
417 53560
418 33670
419 59366
420 51998
421 61110
422 39460
423 46330
424 19253
425 32112
426 29248
427 27981
428 50311
429 43750
430 0
431 49246
432 32790
433 49926
434 61312
435 53998
436 46211
437 44397
438 50244
439 17358
440 47019
441 22416
442 10819
443 36740
444 22805
445 16079
446 37646
447 46079
448 38821
449 56375
450 44012
451 34660
452 23757
453 28358
454 35740
455 46370
456 28395
457 30193
458 30233
459 58902
460 15774
461 16109
462 46134
463 23349
464 0
465 4752
466 30697
467 32983
468 42150
469 21302
470 37396
471 62229
472 47677
473 31888
474 44862
475 4263
476 29323
477 54064
478 52044
479 47478
480 61748
481 42694
482 39062
483 4504
484 11759
485 0
486 36335
487 25044
488 47894
489 0
490 30058
491 51822
492 13945
493 0
494 35043
495 25249
496 51557
497 53668
498 41734
499 53707
500 39834
501 51264
502 33155
503 31181
504 48973
505 0
506 20572
507 25822
508 35670
509 37454
510 52211
511 5841
512 51789
513 31735
514 57698
515 0
516 29147
517 50436
518 0
519 18455
520 26555
521 0
522 40360
523 57902
524 27548
525 34140
526 0
527 39720
528 49781
529 42871
530 24520
531 41464
532 22498
533 0
534 0
535 36761
536 51488
537 45030
538 49252
539 23598
540 30174
541 45730
542 15536
543 44949
544 0
545 52293
546 58546
547 33757
548 26371
549 54108
550 14748
551 33793
552 0
553 28346
554 30070
555 14271
556 46005
557 21497
558 16396
559 25007
560 40407
561 23789
562 49465
563 36808
564 32469
565 20691
566 56678
567 45387
568 43749
569 52803
570 20850
571 49422
572 36722
573 6225
574 19061
575 54271
576 36128
577 52027
578 29946
579 40185
580 48490
581 49901
582 0
583 64387
584 28399
585 36169
586 52637
587 34272
588 38406
589 43261
590 45839
591 56219
592 53451
593 24025
594 26938
595 0
596 26621
597 49114
598 41556
599 54568
600 39496
601 11259
602 52042
603 0
604 66805
605 60761
606 41579
607 27342
608 0
609 50654
610 5680
611 45628
612 44191
613 18305
614 48237
615 57878
616 25813
617 42887
618 32765
619 51184
620 33021
621 49697
622 42414
623 56564
624 46598
625 55830
626 41037
627 45041
628 11117
629 48387
630 40948
631 25605
632 41575
633 34320
634 39020
635 29684
636 14980
637 51326
638 12994
639 14825
640 50295
641 52837
642 43100
643 31151
644 48902
645 46203
646 41415
647 50331
648 29269
649 40882
650 42790
651 19465
652 19749
653 32792
654 0
655 40826
656 37872
657 52163
658 52843
659 57616
660 55365
661 62756
662 7527
663 29615
664 19137
665 2667
666 52389
667 39914
668 45910
669 45234
670 33953
671 51700
672 43244
673 5675
674 11146
675 21671
676 0
677 46569
678 15084
679 39116
680 39901
681 45632
682 31694
683 39844
684 0
685 47996
686 20441
687 42545
688 57927
689 40995
690 20771
691 20671
692 57657
693 46352
694 47873
695 27502
696 41777
697 36079
698 35443
699 61994
700 44053
701 33301
702 37867
703 48044
704 55144
705 25086
706 27185
707 38494
708 48130
709 45094
710 0
711 43512
712 36205
713 61127
714 46415
715 52925
716 29626
717 14401
718 47169
719 41958
720 16042
721 23252
722 32044
723 0
724 10616
725 57111
726 45930
727 49241
728 30971
729 26962
730 40003
731 23270
732 38805
733 32878
734 56358
735 10881
736 28962
737 0
738 23355
739 49183
740 20455
741 25252
742 38619
743 59548
744 30427
745 47066
746 32182
747 34369
748 48053
749 34432
750 51370
751 0
752 32305
753 19682
754 39741
755 18321
756 45417
757 55512
758 55961
759 45936
760 59370
761 22795
762 54910
763 50419
764 38116
765 25460
766 34167
767 46319
768 21750
769 31238
770 48544
771 51519
772 36216
773 35393
774 48138
775 55721
776 49817
777 14743
778 38801
779 31430
780 44068
781 53179
782 47278
783 16278
784 10144
785 46924
786 39947
787 35762
788 10112
789 44814
790 55105
791 48001
792 17739
793 39965
794 50589
795 61427
796 25961
797 39615
798 45942
799 43830
800 38300
801 0
802 35367
803 42395
804 30961
805 0
806 44182
807 52873
808 10988
809 53444
810 20437
811 62177
812 30412
813 25738
814 39364
815 44243
816 37895
817 24770
818 38645
819 52480
820 24536
821 25620
822 19171
823 51288
824 34450
825 30008
826 52750
827 36003
828 62556
829 38103
830 24768
831 50185
832 9731
833 8959
834 28442
835 43574
836 44861
837 41080
838 52789
839 45928
840 16031
841 19019
842 23804
843 55289
844 49952
845 0
846 30750
847 23056
848 23300
849 44524
850 30347
851 42392
852 34929
853 35067
854 0
855 0
856 42289
857 58422
858 0
859 28904
860 36943
861 35156
862 39006
863 0
864 45569
865 29053
866 21672
867 28603
868 46908
869 51115
870 28221
871 43081
872 32493
873 35249
874 37476
875 48579
876 41347
877 39138
878 54207
879 39309
880 52982
881 49959
882 47331
883 47630
884 38114
885 43842
886 40981
887 51050
888 49868
889 32944
890 10822
891 48089
892 67060
893 44611
894 21294
895 57291
896 62756
897 29074
898 61598
899 55165
900 45720
901 22831
902 47039
903 51266
904 25612
905 8867
906 51769
907 26181
908 46043
909 1804
910 36004
911 26596
912 0
913 31528
914 42815
915 32348
916 23629
917 22902
918 49163
919 40011
920 32158
921 0
922 49028
923 23675
924 0
925 29922
926 40252
927 46443
928 3905
929 46964
930 32163
931 15068
932 54167
933 66210
934 38799
935 19053
936 25732
937 50928
938 47461
939 60522
940 44869
941 20820
942 12292
943 53342
944 44995
945 0
946 46971
947 25095
948 39477
949 28486
950 54798
951 51478
952 28371
953 34392
954 55990
955 0
956 50224
957 44580
958 48874
959 57177
960 49447
961 48838
962 10863
963 32068
964 27698
965 24567
966 59659
967 56220
968 34275
969 15671
970 49403
971 36734
972 25793
973 40021
974 51761
975 43653
976 44412
977 39910
978 18164
979 29037
980 60645
981 55024
982 49123
983 18034
984 32032
985 31622
986 34231
987 51269
988 57678
989 42558
990 54249
991 20106
992 18163
993 33504
994 36776
995 51055
996 39548
997 15900
998 49257
999 25386
1000 45723
1001 25056
1002 49940
1003 23195
1004 27161
1005 38357
1006 33453
1007 40780
1008 47306
1009 32932
1010 26919
1011 37892
1012 24733
1013 16095
1014 53448
1015 11296
1016 7401
1017 44904
1018 44224
1019 21847
1020 38436
1021 13169
1022 48912
1023 17249
1024 0
1025 3794
1026 46131
1027 60683
1028 4756
1029 31037
1030 19764
1031 40385
1032 48771
1033 48403
1034 11951
1035 0
1036 22207
1037 0
1038 53693
1039 44385
1040 31229
1041 50240
1042 53038
1043 7154
1044 48207
1045 46852
1046 43476
1047 46997
1048 52483
1049 38115
1050 32023
1051 46360
1052 36926
1053 40524
1054 14089
1055 0
1056 26974
1057 23453
1058 38860
1059 49024
1060 24617
1061 50383
1062 24376
1063 0
1064 34045
1065 29050
1066 35727
1067 39483
1068 59925
1069 56794
1070 36871
1071 46227
1072 0
1073 51354
1074 20744
1075 30623
1076 43643
1077 38266
1078 39786
1079 44286
1080 39006
1081 48367
1082 28811
1083 46522
1084 23880
1085 44542
1086 33669
1087 47677
1088 48746
1089 29919
1090 42368
1091 34997
1092 29811
1093 54664
1094 5950
1095 16412
1096 52061
1097 44256
1098 52500
1099 45606
1100 13376
1101 18954
1102 14577
1103 15753
1104 59746
1105 0
1106 43782
1107 38757
1108 40491
1109 0
1110 35993
1111 34572
1112 60888
1113 32597
1114 42485
1115 45279
1116 44956
1117 60353
1118 63918
1119 27757
1120 41632
1121 14158
1122 53013
1123 29838
1124 44275
1125 33234
1126 42213
1127 39244
1128 49644
1129 52928
1130 44182
1131 22959
1132 40671
1133 58101
1134 50913
1135 49323
1136 50415
1137 61042
1138 2501
1139 10711
1140 61598
1141 62355
1142 27498
1143 46745
1144 17882
1145 42030
1146 20876
1147 51915
1148 13294
1149 39736
1150 1396
1151 57133
1152 33348
1153 48721
1154 10686
1155 34415
1156 54847
1157 40059
1158 51251
1159 59699
1160 7814
1161 55289
1162 48305
1163 58073
1164 63518
1165 0
1166 39793
1167 49607
1168 30473
1169 23922
1170 53063
1171 51520
1172 50588
1173 20922
1174 39079
1175 50722
1176 45919
1177 58510
1178 24410
1179 32880
1180 51438
1181 19423
1182 25674
1183 54064
1184 1892
1185 50707
1186 19463
1187 0
1188 24346
1189 21002
1190 35226
1191 54268
1192 27286
1193 43744
1194 26000
1195 0
1196 48644
1197 30176
1198 18049
1199 36172
1200 35986
1201 46268
1202 28530
1203 37138
1204 45445
1205 23050
1206 0
1207 8514
1208 22834
1209 49698
1210 58197
1211 20133
1212 26744
1213 38789
1214 51749
1215 38902
1216 42489
1217 28442
1218 11566
1219 44419
1220 49568
1221 57932
1222 0
1223 21236
1224 53554
1225 33903
1226 0
1227 45146
1228 24578
1229 48329
1230 45915
1231 48531
1232 41413
1233 65102
1234 10493
1235 47549
1236 53145
1237 35281
1238 15225
1239 40799
1240 36141
1241 0
1242 58999
1243 54098
1244 0
1245 18708
1246 44209
1247 39417
1248 52403
1249 47690
1250 34246
1251 44196
1252 35910
1253 47287
1254 25148
1255 25577
1256 38550
1257 30880
1258 64109
1259 38378
1260 31324
1261 44965
1262 18412
1263 47617
1264 29484
1265 61303
1266 46895
1267 43986
1268 23504
1269 2003
1270 44531
1271 24357
1272 36075
1273 45806
1274 33834
1275 38447
1276 35522
1277 60613
1278 30940
1279 56251
1280 49176
1281 14060
1282 0
1283 40373
1284 53027
1285 42324
1286 44280
1287 59414
1288 29287
1289 50208
1290 6804
1291 316
1292 19733
1293 66701
1294 24485
1295 16109
1296 38796
1297 42435
1298 51016
1299 56811
1300 13118
1301 47402
1302 0
1303 37761
1304 41551
1305 29392
1306 37888
1307 1204
1308 22747
1309 50031
1310 24005
1311 21328
1312 0
1313 43063
1314 53031
1315 23548
1316 29386
1317 20065
1318 26729
1319 45093
1320 20104
1321 44845
1322 7054
1323 61319
1324 17404
1325 0
1326 0
1327 22015
1328 41555
1329 39363
1330 57676
1331 41689
1332 0
1333 20966
1334 38178
1335 35380
1336 30749
1337 45668
1338 17851
1339 35276
1340 46198
1341 15869
1342 42865
1343 46038
1344 45062
1345 52562
1346 0
1347 15335
1348 28536
1349 52317
1350 38592
1351 16126
1352 0
1353 47685
1354 17631
1355 40940
1356 35501
1357 0
1358 62119
1359 50999
1360 22126
1361 36952
1362 48012
1363 59901
1364 42130
1365 27151
1366 50397
1367 43989
1368 21388
1369 47642
1370 36893
1371 28364
1372 44176
1373 46866
1374 20134
1375 55135
1376 43123
1377 48521
1378 16679
1379 0
1380 49542
1381 18799
1382 25661
1383 42264
1384 0
1385 44093
1386 51510
1387 49717
1388 35448
1389 48742
1390 25971
1391 25281
1392 55330
1393 50287
1394 40930
1395 33955
1396 32235
1397 21971
1398 31358
1399 30032
1400 13216
1401 33660
1402 25093
1403 50185
1404 22935
1405 0
1406 31780
1407 30229
1408 0
1409 35744
1410 37572
1411 0
1412 52550
1413 29600
1414 28211
1415 23301
1416 20659
1417 42327
1418 37929
1419 29125
1420 6438
1421 48127
1422 46458
1423 57680
1424 46869
1425 26413
1426 28807
1427 31078
1428 42798
1429 49483
1430 18496
1431 58412
1432 26224
1433 25113
1434 8375
1435 36902
1436 45783
1437 10655
1438 39566
1439 45541
1440 45461
1441 47659
1442 47968
1443 53055
1444 34618
1445 54004
1446 30157
1447 29843
1448 30558
1449 35201
1450 44556
1451 61804
1452 24018
1453 4599
1454 42628
1455 30457
1456 44777
1457 46467
1458 51611
1459 49303
1460 27514
1461 0
1462 32516
1463 0
1464 36297
1465 42232
1466 47539
1467 35127
1468 47851
1469 35889
1470 19679
1471 40476
1472 40838
1473 39245
1474 23750
1475 36371
1476 56258
1477 22151
1478 59096
1479 46568
1480 40294
1481 51510
1482 48881
1483 32610
1484 35841
1485 45885
1486 15941
1487 28525
1488 0
1489 44131
1490 61188
1491 0
1492 50022
1493 9547
1494 45527
1495 44639
1496 63818
1497 33988
1498 12406
1499 49881
1500 49153
1501 37110
1502 30589
1503 14945
1504 44873
1505 33741
1506 47442
1507 24571
1508 12829
1509 30750
1510 47291
1511 44943
1512 41618
1513 44499
1514 35271
1515 52545
1516 50454
1517 48122
1518 31040
1519 16548
1520 7843
1521 31445
1522 33876
1523 40396
1524 44891
1525 44782
1526 46044
1527 26611
1528 28781
1529 18291
1530 42680
1531 20168
1532 44593
1533 35088
1534 36830
1535 678
1536 43647
1537 47021
1538 42721
1539 42648
1540 45315
1541 51309
1542 21448
1543 11647
1544 56585
1545 36769
1546 13017
1547 55644
1548 28260
1549 16691
1550 50185
1551 66071
1552 31735
1553 45157
1554 40037
1555 47450
1556 50799
1557 32986
1558 46268
1559 46943
1560 12892
1561 47245
1562 10700
1563 61503
1564 12692
1565 56392
1566 27246
1567 33384
1568 51583
1569 33951
1570 14216
1571 44068
1572 55878
1573 40052
1574 16485
1575 45688
1576 37652
1577 46848
1578 26343
1579 9726
1580 0
1581 0
1582 44141
1583 52155
1584 19145
1585 51045
1586 29520
1587 33893
1588 53495
1589 29865
1590 9732
1591 32930
1592 52086
1593 43590
1594 0
1595 48795
1596 48958
1597 22548
1598 16211
1599 27011
1600 45694
1601 48536
1602 36722
1603 29930
1604 50657
1605 50260
1606 27868
1607 25776
1608 39259
1609 16842
1610 0
1611 0
1612 26577
1613 59031
1614 39803
1615 59358
1616 41863
1617 39104
1618 0
1619 36726
1620 33428
1621 53877
1622 19832
1623 10327
1624 33015
1625 38885
1626 43276
1627 41232
1628 48551
1629 41383
1630 0
1631 29333
1632 38039
1633 33439
1634 42605
1635 17930
1636 41994
1637 0
1638 14624
1639 14750
1640 44527
1641 0
1642 0
1643 50845
1644 0
1645 42033
1646 43006
1647 37515
1648 51769
1649 23262
1650 26507
1651 19045
1652 40378
1653 31536
1654 17934
1655 36504
1656 45480
1657 34613
1658 21173
1659 44650
1660 49429
1661 12659
1662 18667
1663 61045
1664 39437
1665 42684
1666 57673
1667 40618
1668 30135
1669 11360
1670 56463
1671 23268
1672 48073
1673 53456
1674 28522
1675 56303
1676 29206
1677 51162
1678 26914
1679 35075
1680 26290
1681 35271
1682 44298
1683 46227
1684 20690
1685 52608
1686 44119
1687 16990
1688 12977
1689 44850
1690 39006
1691 15241
1692 47173
1693 35925
1694 0
1695 30995
1696 35290
1697 4177
1698 18637
1699 34723
1700 48120
1701 46654
1702 44422
1703 40417
1704 40110
1705 22168
1706 24194
1707 0
1708 40915
1709 40606
1710 18358
1711 31125
1712 32646
1713 31023
1714 25087
1715 9184
1716 48483
1717 41027
1718 10334
1719 38986
1720 40003
1721 13410
1722 14009
1723 15446
1724 41334
1725 28166
1726 44623
1727 0
1728 35235
1729 38806
1730 28587
1731 41368
1732 39271
1733 44375
1734 3994
1735 57953
1736 19504
1737 45396
1738 20121
1739 12853
1740 25879
1741 0
1742 6215
1743 22179
1744 16971
1745 14892
1746 45797
1747 41926
1748 0
1749 32961
1750 39701
1751 55673
1752 24668
1753 40790
1754 34957
1755 40871
1756 32418
1757 40638
1758 27731
1759 18540
1760 37468
1761 20319
1762 41569
1763 28610
1764 31933
1765 42589
1766 0
1767 43861
1768 48173
1769 49533
1770 33514
1771 15875
1772 44940
1773 30023
1774 22856
1775 11564
1776 6088
1777 10679
1778 58255
1779 36344
1780 39854
1781 55600
1782 35735
1783 0
1784 50115
1785 25558
1786 14100
1787 25039
1788 26256
1789 31355
1790 47117
1791 49895
1792 19043
1793 51201
1794 45719
1795 25818
1796 40395
1797 48143
1798 2658
1799 58852
1800 61349
1801 44409
1802 28680
1803 14692
1804 37089
1805 37403
1806 0
1807 0
1808 32958
1809 27978
1810 0
1811 31130
1812 36956
1813 29058
1814 56980
1815 29200
1816 46998
1817 42091
1818 0
1819 19926
1820 46989
1821 46548
1822 10757
1823 37305
1824 36514
1825 40253
1826 51804
1827 35493
1828 40362
1829 30425
1830 49436
1831 47049
1832 56957
1833 36072
1834 39794
1835 49333
1836 43524
1837 26545
1838 41553
1839 48202
1840 29410
1841 42620
1842 29716
1843 0
1844 29588
1845 0
1846 43553
1847 27699
1848 11080
1849 55217
1850 38943
1851 0
1852 46363
1853 0
1854 54720
1855 28298
1856 52439
1857 21233
1858 59441
1859 27772
1860 2262
1861 13293
1862 34308
1863 34046
1864 4614
1865 55417
1866 39748
1867 18708
1868 26334
1869 0
1870 46095
1871 49549
1872 25358
1873 35088
1874 23310
1875 19067
1876 29871
1877 19187
1878 49898
1879 29416
1880 29848
1881 37036
1882 46351
1883 51722
1884 40345
1885 24335
1886 0
1887 54028
1888 12956
1889 48821
1890 0
1891 23213
1892 43543
1893 15319
1894 0
1895 35799
1896 59514
1897 62728
1898 60446
1899 39463
1900 22337
1901 40851
1902 37759
1903 41983
1904 52317
1905 43138
1906 36973
1907 46929
1908 13612
1909 42012
1910 8719
1911 31193
1912 51258
1913 0
1914 18889
1915 27818
1916 43684
1917 50211
1918 59070
1919 43819
1920 0
1921 32258
1922 0
1923 50989
1924 34503
1925 50899
1926 51933
1927 38184
1928 45492
1929 40149
1930 47058
1931 39577
1932 57693
1933 0
1934 58548
1935 13570
1936 40226
1937 35206
1938 22770
1939 39477
1940 20441
1941 17188
1942 37264
1943 20835
1944 32667
1945 50604
1946 31868
1947 46029
1948 34740
1949 24424
1950 35457
1951 21875
1952 43050
1953 34042
1954 52903
1955 17722
1956 44391
1957 15742
1958 53065
1959 44075
1960 41625
1961 25030
1962 47908
1963 27628
1964 43336
1965 50035
1966 50626
1967 33214
1968 47082
1969 46887
1970 0
1971 40332
1972 61640
1973 49697
1974 16948
1975 51467
1976 26789
1977 49717
1978 49517
1979 14763
1980 45714
1981 22511
1982 38317
1983 0
1984 27564
1985 34096
1986 43508
1987 37847
1988 27511
1989 42086
1990 45070
1991 53016
1992 63911
1993 54342
1994 34536
1995 37345
1996 39161
1997 47436
1998 36447
1999 41996
2000 42847
2001 52327
2002 44448
2003 20588
2004 45162
2005 43235
2006 44753
2007 39404
2008 13330
2009 0
2010 15275
2011 54240
2012 65578
2013 38192
2014 24869
2015 0
2016 42768
2017 44437
2018 30400
2019 41305
2020 50515
2021 57978
2022 41952
2023 27384
2024 29520
2025 11006
2026 67465
2027 27822
2028 40381
2029 47984
2030 42261
2031 13251
2032 21580
2033 32811
2034 27197
2035 11636
2036 32388
2037 10827
2038 0
2039 56237
2040 33266
2041 54039
2042 45614
2043 23427
2044 32045
2045 38961
2046 29215
2047 13041
2048 58025
2049 32778
2050 16672
2051 61617
2052 24105
2053 21299
2054 29553
2055 53279
2056 18008
2057 43863
2058 0
2059 41352
2060 55282
2061 27349
2062 61776
2063 42946
2064 26802
2065 27589
2066 39690
2067 47791
2068 45714
2069 53747
2070 7331
2071 50782
2072 41997
2073 34939
2074 45607
2075 0
2076 35839
2077 14264
2078 33504
2079 26443
2080 49387
2081 50709
2082 22743
2083 23552
2084 0
2085 44753
2086 40176
2087 26159
2088 23311
2089 36175
2090 42224
2091 49964
2092 42237
2093 23987
2094 38506
2095 40705
2096 46703
2097 50505
2098 41627
2099 32284
2100 34421
2101 19171
2102 33635
2103 7777
2104 33008
2105 27290
2106 40470
2107 44063
2108 57029
2109 43479
2110 35502
2111 10090
2112 32694
2113 31013
2114 23372
2115 29431
2116 34605
2117 0
2118 16157
2119 50786
2120 25144
2121 56574
2122 42669
2123 36013
2124 33084
2125 43628
2126 43160
2127 20311
2128 51369
2129 27768
2130 32960
2131 50050
2132 30233
2133 35583
2134 30712
2135 0
2136 52281
2137 54329
2138 30798
2139 0
2140 6998
2141 42293
2142 44267
2143 39806
2144 26257
2145 44519
2146 7479
2147 49938
2148 40822
2149 45678
2150 36551
2151 49414
2152 49190
2153 46876
2154 33484
2155 38791
2156 18949
2157 35445
2158 21631
2159 18625
2160 39552
2161 40696
2162 56112
2163 40720
2164 44043
2165 37437
2166 0
2167 0
2168 38999
2169 33151
2170 36288
2171 35290
2172 20779
2173 34722
2174 27567
2175 16688
2176 16707
2177 27685
2178 23474
2179 31983
2180 17476
2181 22546
2182 46593
2183 29206
2184 61228
2185 43291
2186 41835
2187 11347
2188 29859
2189 32931
2190 25130
2191 41328
2192 43042
2193 38869
2194 28051
2195 43442
2196 48273
2197 31831
2198 40277
2199 34941
2200 30539
2201 33035
2202 37649
2203 16046
2204 39527
2205 55493
2206 0
2207 13520
2208 21377
2209 28514
2210 22248
2211 48698
2212 12392
2213 12843
2214 32586
2215 25589
2216 48607
2217 6250
2218 29864
2219 29522
2220 21565
2221 24748
2222 45284
2223 24105
2224 44424
2225 44067
2226 47037
2227 29995
2228 46699
2229 19720
2230 49726
2231 40631
2232 18586
2233 10749
2234 0
2235 50333
2236 0
2237 28628
2238 25036
2239 40204
2240 50428
2241 14895
2242 26952
2243 52876
2244 62740
2245 20742
2246 39048
2247 33343
2248 0
2249 44402
2250 36221
2251 62438
2252 23941
2253 25335
2254 28090
2255 64157
2256 0
2257 48631
2258 39136
2259 36514
2260 38394
2261 39806
2262 50935
2263 62147
2264 45208
2265 19905
2266 18978
2267 19386
2268 37347
2269 46655
2270 28353
2271 28440
2272 32121
2273 33322
2274 32344
2275 48660
2276 30008
2277 56634
2278 42795
2279 18216
2280 60694
2281 52950
2282 39797
2283 4957
2284 44754
2285 34624
2286 40595
2287 25766
2288 30481
2289 50560
2290 40337
2291 57968
2292 0
2293 39175
2294 38921
2295 43524
2296 44865
2297 55044
2298 37730
2299 36617
2300 29957
2301 6293
2302 24541
2303 33841
2304 56809
2305 20634
2306 13865
2307 0
2308 38999
2309 31074
2310 48916
2311 28265
2312 49061
2313 27491
2314 41943
2315 24614
2316 44809
2317 36881
2318 50654
2319 40701
2320 39537
2321 48488
2322 24642
2323 55772
2324 13069
2325 26453
2326 24897
2327 29714
2328 48127
2329 36816
2330 46911
2331 37446
2332 42794
2333 25995
2334 50296
2335 63874
2336 30994
2337 41028
2338 51856
2339 20926
2340 36434
2341 36308
2342 46908
2343 31685
2344 0
2345 35523
2346 20459
2347 46572
2348 14244
2349 49208
2350 0
2351 43404
2352 47927
2353 19729
2354 27510
2355 35026
2356 54097
2357 65528
2358 13553
2359 26911
2360 61071
2361 23331
2362 21293
2363 25779
2364 20960
2365 0
2366 37587
2367 58549
2368 54493
2369 45291
2370 20924
2371 44333
2372 57304
2373 42410
2374 29432
2375 25483
2376 48183
2377 62684
2378 30945
2379 61920
2380 41541
2381 14379
2382 41739
2383 36752
2384 23525
2385 42369
2386 30012
2387 32029
2388 24169
2389 31764
2390 54170
2391 60893
2392 0
2393 43133
2394 35999
2395 25346
2396 23158
2397 17930
2398 56786
2399 54111
2400 30544
2401 35823
2402 40890
2403 59992
2404 19715
2405 38846
2406 40037
2407 47430
2408 23050
2409 36420
2410 42538
2411 30970
2412 38981
2413 40537
2414 38390
2415 39330
2416 33846
2417 43580
2418 25362
2419 0
2420 42360
2421 47648
2422 40288
2423 39711
2424 17821
2425 41649
2426 23094
2427 53127
2428 40596
2429 25304
2430 31940
2431 49388
2432 46577
2433 40006
2434 24563
2435 42359
2436 23595
2437 57109
2438 29249
2439 20046
2440 31252
2441 34669
2442 51048
2443 57149
2444 38775
2445 47045
2446 47452
2447 45118
2448 25694
2449 52846
2450 39595
2451 15423
2452 24386
2453 24204
2454 38461
2455 35941
2456 12281
2457 43565
2458 50109
2459 31509
2460 12482
2461 22731
2462 14624
2463 41443
2464 17149
2465 36919
2466 18435
2467 38460
2468 32675
2469 0
2470 52677
2471 0
2472 9736
2473 12386
2474 49646
2475 0
2476 0
2477 37548
2478 52330
2479 41212
2480 44794
2481 28113
2482 52033
2483 11344
2484 60904
2485 47108
2486 12603
2487 36864
2488 39679
2489 17758
2490 36679
2491 53758
2492 29325
2493 38397
2494 46259
2495 49489
2496 29078
2497 0
2498 49517
2499 62550
2500 38070
2501 54465
2502 38485
2503 37234
2504 10954
2505 37289
2506 42808
2507 54880
2508 40760
2509 46465
2510 20190
2511 13914
2512 58445
2513 41931
2514 30354
2515 10551
2516 23607
2517 23579
2518 32985
2519 8628
2520 47397
2521 40560
2522 41437
2523 51025
2524 59638
2525 40946
2526 49720
2527 43998
2528 39367
2529 6032
2530 10029
2531 19591
2532 40014
2533 28374
2534 39353
2535 21525
2536 34511
2537 24657
2538 9522
2539 48417
2540 52907
2541 23039
2542 23892
2543 23905
2544 34244
2545 41753
2546 58615
2547 36730
2548 31376
2549 48016
2550 46953
2551 21628
2552 20662
2553 50061
2554 11795
2555 43302
2556 32649
2557 43766
2558 44051
2559 14062
2560 27084
2561 46544
2562 38800
2563 31069
2564 36546
2565 14933
2566 40173
2567 52441
2568 48767
2569 27729
2570 42880
2571 37134
2572 63508
2573 43110
2574 63431
2575 51359
2576 3321
2577 39220
2578 31411
2579 47096
2580 54542
2581 37772
2582 52292
2583 59101
2584 40212
2585 43434
2586 31881
2587 39699
2588 39588
2589 54923
2590 46202
2591 33337
2592 33650
2593 53778
2594 14106
2595 32529
2596 50397
2597 15707
2598 45535
2599 39922
2600 39397
2601 42008
2602 50075
2603 17130
2604 41932
2605 22428
2606 58194
2607 47732
2608 44308
2609 45126
2610 24996
2611 43233
2612 53924
2613 22217
2614 43743
2615 46930
2616 9684
2617 38851
2618 50391
2619 52994
2620 26109
2621 25333
2622 13420
2623 60605
2624 36900
2625 21872
2626 20894
2627 28034
2628 26900
2629 44625
2630 15251
2631 59692
2632 51140
2633 20664
2634 32026
2635 43658
2636 42820
2637 48533
2638 22294
2639 42988
2640 45499
2641 37235
2642 29989
2643 38174
2644 48996
2645 0
2646 22614
2647 0
2648 50781
2649 40441
2650 49757
2651 30162
2652 33193
2653 27560
2654 23539
2655 51326
2656 47577
2657 25004
2658 0
2659 30675
2660 23457
2661 44094
2662 60233
2663 38411
2664 23854
2665 45544
2666 46212
2667 39147
2668 0
2669 22835
2670 47080
2671 37976
2672 17651
2673 14568
2674 26905
2675 40297
2676 0
2677 44977
2678 55994
2679 35702
2680 51307
2681 32710
2682 14414
2683 31499
2684 23306
2685 25382
2686 23154
2687 0
2688 13266
2689 44994
2690 51392
2691 58616
2692 62997
2693 61113
2694 35127
2695 32711
2696 10354
2697 21759
2698 9758
2699 47428
2700 51623
2701 33505
2702 19382
2703 46507
2704 0
2705 30101
2706 49851
2707 13077
2708 51047
2709 30558
2710 27140
2711 56433
2712 57154
2713 7097
2714 19281
2715 37336
2716 44778
2717 49134
2718 64715
2719 43327
2720 0
2721 56297
2722 27902
2723 0
2724 53224
2725 45560
2726 0
2727 12267
2728 48843
2729 25363
2730 50444
2731 33805
2732 3550
2733 35811
2734 46253
2735 44663
2736 0
2737 32790
2738 48891
2739 48407
2740 17453
2741 0
2742 45160
2743 8753
2744 5239
2745 48563
2746 0
2747 24378
2748 17893
2749 47971
2750 38578
2751 24021
2752 40838
2753 38429
2754 42217
2755 45092
2756 42819
2757 0
2758 38960
2759 0
2760 25427
2761 60892
2762 0
2763 11276
2764 26213
2765 46052
2766 0
2767 34968
2768 48324
2769 31135
2770 49505
2771 42328
2772 39930
2773 16329
2774 19704
2775 49648
2776 46261
2777 33398
2778 55843
2779 19501
2780 31147
2781 48263
2782 3444
2783 40840
2784 0
2785 36402
2786 46461
2787 41924
2788 43419
2789 44182
2790 16357
2791 37015
2792 48856
2793 20450
2794 35824
2795 33309
2796 51132
2797 39729
2798 10559
2799 46254
2800 37489
2801 50915
2802 23972
2803 26347
2804 32690
2805 14855
2806 38472
2807 0
2808 48439
2809 23723
2810 36081
2811 46546
2812 36707
2813 13746
2814 40278
2815 38490
2816 10835
2817 31536
2818 10943
2819 39636
2820 0
2821 27616
2822 0
2823 41781
2824 42566
2825 46694
2826 17313
2827 44194
2828 43888
2829 46430
2830 45247
2831 46702
2832 32992
2833 41781
2834 32866
2835 41449
2836 48748
2837 0
2838 26006
2839 16681
2840 38199
2841 35868
2842 34762
2843 0
2844 50058
2845 14826
2846 41593
2847 0
2848 35244
2849 0
2850 30751
2851 1643
2852 38857
2853 46639
2854 12312
2855 13362
2856 14241
2857 44451
2858 61113
2859 61702
2860 21019
2861 48534
2862 35132
2863 35928
2864 20819
2865 46601
2866 35994
2867 13885
2868 35760
2869 14138
2870 46851
2871 47457
2872 49410
2873 32915
2874 40121
2875 34461
2876 53001
2877 52660
2878 48737
2879 61490
2880 46328
2881 18016
2882 50926
2883 56545
2884 35458
2885 42175
2886 48858
2887 0
2888 26087
2889 35698
2890 1946
2891 31043
2892 0
2893 0
2894 22115
2895 51659
2896 35977
2897 44237
2898 58980
2899 63240
2900 59494
2901 18645
2902 33879
2903 46504
2904 22792
2905 46321
2906 32415
2907 55744
2908 48298
2909 56348
2910 31766
2911 51156
2912 52213
2913 40840
2914 9783
2915 30984
2916 54299
2917 39420
2918 32707
2919 54035
2920 50507
2921 23778
2922 52704
2923 0
2924 43494
2925 38831
2926 0
2927 61155
2928 43465
2929 21723
2930 0
2931 4206
2932 16255
2933 48177
2934 28273
2935 20939
2936 0
2937 7150
2938 45202
2939 34977
2940 47421
2941 0
2942 27999
2943 39088
2944 37062
2945 31701
2946 12551
2947 38557
2948 49404
2949 45067
2950 36059
2951 60319
2952 58433
2953 37463
2954 19912
2955 52180
2956 29830
2957 45418
2958 34060
2959 44516
2960 56803
2961 52153
2962 30126
2963 18540
2964 48174
2965 0
2966 27313
2967 36762
2968 41280
2969 51335
2970 56039
2971 21455
2972 48326
2973 15828
2974 28142
2975 0
2976 38617
2977 33097
2978 15264
2979 51908
2980 28018
2981 38384
2982 40170
2983 25035
2984 24587
2985 47723
2986 6102
2987 34380
2988 36436
2989 32684
2990 38518
2991 0
2992 0
2993 37227
2994 45724
2995 47685
2996 27319
2997 39855
2998 40613
2999 46328
3000 14488
3001 44131
3002 33318
3003 64583
3004 40173
3005 34113
3006 37601
3007 38526
3008 27603
3009 6870
3010 46686
3011 25302
3012 27265
3013 52051
3014 40190
3015 10895
3016 43359
3017 13291
3018 58602
3019 20621
3020 48004
3021 20301
3022 45531
3023 25762
3024 41478
3025 41844
3026 43753
3027 48863
3028 46254
3029 35008
3030 56284
3031 43270
3032 45449
3033 40593
3034 35864
3035 0
3036 60374
3037 61389
3038 44955
3039 3843
3040 44458
3041 38351
3042 32063
3043 53210
3044 0
3045 0
3046 48535
3047 32747
3048 57714
3049 17014
3050 51745
3051 63546
3052 39609
3053 44866
3054 42157
3055 37291
3056 16587
3057 23144
3058 21771
3059 9700
3060 32132
3061 36720
3062 31610
3063 39503
3064 17622
3065 13324
3066 44042
3067 40688
3068 46268
3069 56453
3070 64228
3071 40160
3072 23756
3073 17826
3074 9357
3075 60951
3076 21457
3077 45337
3078 36733
3079 43596
3080 30671
3081 48665
3082 45734
3083 9344
3084 0
3085 35730
3086 24484
3087 37337
3088 0
3089 56916
3090 4969
3091 48276
3092 37909
3093 40313
3094 38695
3095 54523
3096 41614
3097 40984
3098 27702
3099 61090
3100 21329
3101 52037
3102 29254
3103 44691
3104 29149
3105 0
3106 17178
3107 17676
3108 0
3109 24884
3110 26008
3111 23964
3112 53725
3113 54012
3114 36395
3115 51335
3116 52511
3117 56334
3118 11269
3119 53206
3120 42014
3121 30975
3122 0
3123 41060
3124 50320
3125 49659
3126 40440
3127 42318
3128 44022
3129 0
3130 35787
3131 49539
3132 38012
3133 35209
3134 36416
3135 37776
3136 26585
3137 53214
3138 0
3139 28222
3140 43513
3141 26770
3142 52484
3143 38896
3144 43024
3145 26133
3146 48818
3147 17469
3148 13861
3149 16038
3150 63033
3151 43884
3152 48534
3153 47861
3154 49103
3155 50130
3156 42332
3157 0
3158 47340
3159 44383
3160 15967
3161 26980
3162 27669
3163 9711
3164 28513
3165 29929
3166 0
3167 46969
3168 31738
3169 7302
3170 36454
3171 36408
3172 60558
3173 5078
3174 47316
3175 54389
3176 39522
3177 47174
3178 18214
3179 17381
3180 31614
3181 43122
3182 51220
3183 50856
3184 25620
3185 0
3186 52473
3187 44635
3188 0
3189 34497
3190 38156
3191 32976
3192 32280
3193 43794
3194 41721
3195 16419
3196 57444
3197 24750
3198 33919
3199 37321
3200 45701
3201 44126
3202 34813
3203 49928
3204 25440
3205 32979
3206 6255
3207 49540
3208 53030
3209 44344
3210 60200
3211 38630
3212 31459
3213 67999
3214 26682
3215 37830
3216 44521
3217 29919
3218 27166
3219 54303
3220 49401
3221 48729
3222 37031
3223 9388
3224 38407
3225 36894
3226 41740
3227 0
3228 3399
3229 43323
3230 43816
3231 52693
3232 30874
3233 22830
3234 38637
3235 35702
3236 65525
3237 18620
3238 44639
3239 19389
3240 47291
3241 18018
3242 40051
3243 34574
3244 64175
3245 33390
3246 6870
3247 36187
3248 45389
3249 41515
3250 20916
3251 35935
3252 44586
3253 44396
3254 45915
3255 46726
3256 36360
3257 23617
3258 23326
3259 52326
3260 43363
3261 49666
3262 45592
3263 40599
3264 25672
3265 0
3266 59598
3267 45705
3268 0
3269 43444
3270 33064
3271 36527
3272 46771
3273 52322
3274 36244
3275 28972
3276 44002
3277 39135
3278 18287
3279 0
3280 58077
3281 44555
3282 45414
3283 29835
3284 14817
3285 67123
3286 19673
3287 15074
3288 49777
3289 45526
3290 40284
3291 63126
3292 36683
3293 26006
3294 16938
3295 53346
3296 24468
3297 34333
3298 63785
3299 32202
3300 41090
3301 20582
3302 48558
3303 16885
3304 53901
3305 22308
3306 39265
3307 43822
3308 54785
3309 8537
3310 43303
3311 32949
3312 42794
3313 38719
3314 20447
3315 54574
3316 24461
3317 29767
3318 16234
3319 27561
3320 26277
3321 25637
3322 47204
3323 36746
3324 28001
3325 0
3326 45071
3327 44531
3328 47172
3329 24231
3330 55898
3331 0
3332 33578
3333 29365
3334 39978
3335 5448
3336 6529
3337 31267
3338 40366
3339 47179
3340 41460
3341 36929
3342 36482
3343 65553
3344 0
3345 53432
3346 33071
3347 17754
3348 0
3349 41635
3350 1843
3351 63454
3352 15468
3353 35319
3354 27341
3355 37970
3356 50025
3357 45533
3358 39286
3359 40657
3360 43380
3361 0
3362 48996
3363 43669
3364 13115
3365 48177
3366 12947
3367 20035
3368 46404
3369 31313
3370 16993
3371 29536
3372 35271
3373 33336
3374 27287
3375 19750
3376 43111
3377 28310
3378 23925
3379 20403
3380 18753
3381 47495
3382 23761
3383 25190
3384 53036
3385 22840
3386 42713
3387 18571
3388 51570
3389 45299
3390 0
3391 57198
3392 30207
3393 14110
3394 42142
3395 50023
3396 42940
3397 46751
3398 38946
3399 43895
3400 32119
3401 0
3402 10722
3403 45187
3404 16740
3405 29436
3406 33110
3407 45621
3408 49525
3409 49307
3410 38636
3411 27420
3412 48057
3413 0
3414 27304
3415 31563
3416 43482
3417 42638
3418 48457
3419 64366
3420 54125
3421 44698
3422 55944
3423 36257
3424 22287
3425 46012
3426 12017
3427 44448
3428 15526
3429 33648
3430 50016
3431 15238
3432 47183
3433 35854
3434 33984
3435 18749
3436 36819
3437 47212
3438 3294
3439 10839
3440 6436
3441 29133
3442 48199
3443 51594
3444 38958
3445 47591
3446 34033
3447 37826
3448 45299
3449 51162
3450 24010
3451 32535
3452 50735
3453 45300
3454 45238
3455 43086
3456 41776
3457 34594
3458 54963
3459 36076
3460 37031
3461 62334
3462 28092
3463 45785
3464 63138
3465 48434
3466 44479
3467 28854
3468 9143
3469 41304
3470 32793
3471 43443
3472 0
3473 40737
3474 44072
3475 63090
3476 0
3477 25691
3478 17065
3479 40271
3480 36499
3481 36748
3482 52155
3483 39029
3484 34771
3485 52268
3486 17567
3487 42371
3488 33552
3489 46778
3490 50333
3491 43541
3492 25794
3493 39599
3494 50026
3495 13741
3496 10878
3497 11029
3498 49070
3499 54864
3500 39817
3501 0
3502 39339
3503 28965
3504 12095
3505 34333
3506 40324
3507 0
3508 27120
3509 21395
3510 43164
3511 53920
3512 43464
3513 64731
3514 39625
3515 32128
3516 49907
3517 0
3518 52013
3519 27671
3520 22360
3521 42732
3522 5290
3523 35989
3524 49828
3525 54032
3526 0
3527 51315
3528 22114
3529 17063
3530 0
3531 49581
3532 46019
3533 52818
3534 36483
3535 52504
3536 53866
3537 21685
3538 24207
3539 11300
3540 54294
3541 43409
3542 35132
3543 26039
3544 16692
3545 15132
3546 60498
3547 53602
3548 34171
3549 45892
3550 51427
3551 33813
3552 39492
3553 39482
3554 26577
3555 36504
3556 41549
3557 56466
3558 47705
3559 0
3560 7868
3561 56707
3562 11789
3563 21493
3564 48487
3565 0
3566 34583
3567 51743
3568 13474
3569 50090
3570 33864
3571 45439
3572 39408
3573 38358
3574 51940
3575 40466
3576 44332
3577 36499
3578 23223
3579 24689
3580 53042
3581 39075
3582 46431
3583 0
3584 49830
3585 12846
3586 45186
3587 0
3588 52547
3589 46870
3590 32746
3591 38045
3592 39896
3593 44947
3594 46035
3595 53482
3596 28959
3597 49519
3598 15265
3599 57715
3600 43257
3601 56316
3602 50518
3603 45386
3604 0
3605 56841
3606 41549
3607 9544
3608 42060
3609 48339
3610 44006
3611 50772
3612 31944
3613 16360
3614 40072
3615 43920
3616 49231
3617 57565
3618 31400
3619 27880
3620 41897
3621 48903
3622 28442
3623 29880
3624 29209
3625 7751
3626 36727
3627 48325
3628 41839
3629 51537
3630 49472
3631 51592
3632 58815
3633 21551
3634 9484
3635 0
3636 17205
3637 27564
3638 20381
3639 0
3640 32196
3641 26434
3642 56956
3643 58944
3644 58787
3645 43236
3646 31797
3647 28132
3648 32769
3649 20883
3650 60007
3651 34812
3652 18108
3653 49896
3654 39937
3655 13713
3656 50386
3657 61980
3658 47324
3659 19278
3660 67565
3661 0
3662 37054
3663 41987
3664 54504
3665 28298
3666 9248
3667 45467
3668 59261
3669 0
3670 34396
3671 18362
3672 28945
3673 26739
3674 8916
3675 29002
3676 30991
3677 55320
3678 43175
3679 10412
3680 22952
3681 47798
3682 53492
3683 54616
3684 54550
3685 42483
3686 34457
3687 29840
3688 12819
3689 45968
3690 0
3691 49329
3692 28951
3693 30616
3694 45141
3695 26667
3696 39549
3697 29066
3698 18866
3699 48257
3700 32380
3701 50538
3702 44416
3703 39458
3704 11776
3705 41310
3706 8255
3707 37966
3708 25043
3709 30558
3710 10308
3711 33314
3712 29940
3713 41796
3714 26443
3715 29364
3716 40343
3717 24155
3718 0
3719 5763
3720 12430
3721 41334
3722 44607
3723 45132
3724 34296
3725 0
3726 39288
3727 0
3728 18527
3729 43472
3730 0
3731 49962
3732 52419
3733 21562
3734 45180
3735 59724
3736 30430
3737 21357
3738 48192
3739 28252
3740 26866
3741 33458
3742 13819
3743 35868
3744 10018
3745 38578
3746 0
3747 51500
3748 37994
3749 25038
3750 13198
3751 14011
3752 54887
3753 46221
3754 58793
3755 43561
3756 0
3757 37584
3758 16565
3759 32548
3760 54740
3761 5779
3762 28924
3763 32435
3764 43067
3765 46001
3766 49041
3767 28239
3768 36035
3769 51079
3770 40334
3771 50289
3772 31310
3773 53398
3774 61301
3775 41680
3776 47351
3777 43184
3778 48572
3779 26321
3780 29850
3781 50409
3782 39165
3783 33218
3784 61369
3785 50616
3786 38325
3787 38136
3788 7773
3789 9898
3790 48105
3791 15477
3792 33920
3793 34542
3794 0
3795 23327
3796 41571
3797 22061
3798 54106
3799 22860
3800 22593
3801 44536
3802 0
3803 61228
3804 60724
3805 57722
3806 48089
3807 39047
3808 28886
3809 50775
3810 37748
3811 53604
3812 45591
3813 35334
3814 34205
3815 50038
3816 33146
3817 33924
3818 15100
3819 54799
3820 48885
3821 35137
3822 50253
3823 55624
3824 46677
3825 52740
3826 38156
3827 51047
3828 32448
3829 50298
3830 14641
3831 55503
3832 7991
3833 10667
3834 15681
3835 32703
3836 51016
3837 44300
3838 58445
3839 47350
3840 21551
3841 44868
3842 47476
3843 45293
3844 34644
3845 41898
3846 39741
3847 27567
3848 0
3849 43629
3850 44095
3851 46888
3852 27898
3853 37378
3854 20631
3855 26792
3856 14088
3857 50587
3858 48398
3859 49111
3860 46335
3861 42819
3862 38916
3863 62584
3864 15744
3865 53475
3866 53118
3867 41785
3868 48659
3869 30978
3870 36988
3871 65165
3872 0
3873 38369
3874 52107
3875 34076
3876 13297
3877 16534
3878 48012
3879 20663
3880 12030
3881 52079
3882 45744
3883 44883
3884 9595
3885 27805
3886 49866
3887 28761
3888 34800
3889 0
3890 21610
3891 27204
3892 33279
3893 25129
3894 52870
3895 0
3896 57861
3897 8128
3898 47395
3899 25064
3900 28270
3901 52245
3902 51652
3903 48960
3904 37700
3905 54495
3906 26593
3907 48597
3908 18945
3909 30717
3910 45961
3911 64712
3912 49173
3913 56646
3914 42493
3915 56816
3916 50821
3917 46123
3918 30366
3919 62162
3920 43658
3921 31003
3922 46368
3923 50431
3924 0
3925 18411
3926 33121
3927 11188
3928 32331
3929 38050
3930 27518
3931 12277
3932 0
3933 39993
3934 37705
3935 57761
3936 46309
3937 53566
3938 50647
3939 0
3940 0
3941 46509
3942 0
3943 47253
3944 47857
3945 45476
3946 56691
3947 0
3948 30701
3949 59816
3950 29125
3951 0
3952 47189
3953 24789
3954 41604
3955 17334
3956 60394
3957 47032
3958 39695
3959 20656
3960 44095
3961 10803
3962 21447
3963 27821
3964 32743
3965 49509
3966 25467
3967 36781
3968 56377
3969 51873
3970 39127
3971 12574
3972 16019
3973 0
3974 0
3975 22660
3976 25972
3977 35044
3978 49242
3979 48296
3980 28664
3981 48659
3982 37893
3983 13837
3984 0
3985 36311
3986 44095
3987 50790
3988 60801
3989 29339
3990 60911
3991 43399
3992 9897
3993 39950
3994 0
3995 46267
3996 34301
3997 40328
3998 26980
3999 43659
4000 34979
4001 0
4002 57682
4003 20548
4004 44997
4005 47029
4006 19126
4007 13401
4008 59001
4009 0
4010 47388
4011 32637
4012 30199
4013 48724
4014 45429
4015 42075
4016 48711
4017 29271
4018 46193
4019 49419
4020 61599
4021 41382
4022 20931
4023 37041
4024 10415
4025 39822
4026 34606
4027 0
4028 11264
4029 33964
4030 25243
4031 22793
4032 40172
4033 55880
4034 56343
4035 21877
4036 50590
4037 48233
4038 19049
4039 24914
4040 47701
4041 16252
4042 48352
4043 0
4044 52720
4045 5761
4046 30986
4047 0
4048 49003
4049 52405
4050 41859
4051 21271
4052 30932
4053 10108
4054 44714
4055 44224
4056 52153
4057 41628
4058 40672
4059 47864
4060 57253
4061 42219
4062 28797
4063 42519
4064 37528
4065 43770
4066 36317
4067 21290
4068 53775
4069 20172
4070 11837
4071 26124
4072 14681
4073 35702
4074 37900
4075 37775
4076 53687
4077 41785
4078 40283
4079 55317
4080 51408
4081 0
4082 38217
4083 33091
4084 58949
4085 52311
4086 0
4087 43156
4088 42595
4089 19934
4090 51296
4091 13662
4092 58902
4093 34930
4094 45533
4095 28185
4096 38260
4097 53401
4098 31422
4099 3677
4100 41052
4101 10251
4102 46768
4103 35549
4104 30793
4105 59814
4106 5426
4107 46345
4108 19160
4109 38443
4110 23996
4111 21696
4112 42984
4113 39474
4114 62354
4115 0
4116 0
4117 38576
4118 18548
4119 12105
4120 41305
4121 32056
4122 50221
4123 0
4124 54786
4125 23843
4126 32539
4127 57285
4128 50489
4129 27278
4130 0
4131 28791
4132 46542
4133 13074
4134 6385
4135 45291
4136 23593
4137 50478
4138 52641
4139 34419
4140 23731
4141 50631
4142 47617
4143 39410
4144 10860
4145 44534
4146 53561
4147 36392
4148 48305
4149 45282
4150 45942
4151 55864
4152 33625
4153 19602
4154 23042
4155 28537
4156 26968
4157 45462
4158 34555
4159 25260
4160 56511
4161 46431
4162 47243
4163 55600
4164 32199
4165 49254
4166 14681
4167 24822
4168 56905
4169 25529
4170 19732
4171 31708
4172 37165
4173 59437
4174 30948
4175 29386
4176 16482
4177 31143
4178 26672
4179 42167
4180 48708
4181 38148
4182 46989
4183 50910
4184 0
4185 17945
4186 47390
4187 16543
4188 18826
4189 20816
4190 10212
4191 27767
4192 56146
4193 35971
4194 24112
4195 46615
4196 44530
4197 38999
4198 55872
4199 6736
4200 25946
4201 8803
4202 44721
4203 13988
4204 32582
4205 44640
4206 13013
4207 0
4208 21736
4209 30171
4210 47569
4211 36181
4212 23488
4213 34475
4214 29347
4215 63004
4216 34670
4217 7196
4218 24521
4219 53804
4220 46888
4221 29106
4222 8428
4223 48985
4224 26716
4225 10490
4226 46936
4227 27435
4228 55358
4229 31543
4230 20971
4231 49259
4232 19495
4233 45523
4234 25369
4235 20239
4236 57022
4237 39176
4238 4873
4239 20815
4240 0
4241 38932
4242 40257
4243 0
4244 24089
4245 49923
4246 45168
4247 49957
4248 0
4249 22479
4250 46045
4251 29449
4252 0
4253 32758
4254 0
4255 32574
4256 39177
4257 0
4258 31258
4259 54932
4260 23331
4261 23938
4262 45979
4263 39387
4264 30492
4265 17088
4266 25831
4267 21927
4268 44908
4269 6002
4270 0
4271 0
4272 43749
4273 43094
4274 0
4275 60134
4276 38507
4277 60440
4278 30365
4279 47743
4280 17254
4281 52428
4282 56055
4283 43272
4284 9712
4285 25616
4286 41505
4287 7913
4288 54627
4289 54401
4290 45842
4291 31370
4292 15893
4293 20065
4294 25757
4295 48088
4296 40373
4297 31982
4298 3221
4299 45056
4300 49865
4301 42073
4302 49064
4303 19603
4304 41155
4305 37493
4306 41465
4307 35960
4308 24036
4309 57138
4310 40564
4311 62257
4312 20845
4313 31471
4314 21553
4315 42365
4316 34896
4317 58557
4318 49433
4319 12571
4320 27859
4321 55041
4322 49261
4323 17218
4324 11829
4325 22059
4326 55747
4327 45587
4328 10490
4329 22721
4330 13082
4331 48059
4332 26970
4333 27441
4334 38620
4335 16538
4336 7255
4337 41805
4338 50690
4339 21314
4340 46814
4341 14234
4342 41407
4343 27635
4344 45499
4345 55425
4346 36465
4347 13047
4348 20049
4349 41633
4350 45514
4351 29800
4352 23300
4353 41201
4354 53305
4355 52400
4356 29037
4357 58532
4358 20216
4359 0
4360 64068
4361 39646
4362 13480
4363 53727
4364 32340
4365 6613
4366 0
4367 44705
4368 43016
4369 35353
4370 35727
4371 21881
4372 43093
4373 17512
4374 40234
4375 53458
4376 28798
4377 47317
4378 51495
4379 19317
4380 14098
4381 22830
4382 15082
4383 25559
4384 45253
4385 0
4386 52379
4387 33018
4388 19081
4389 46586
4390 46116
4391 49371
4392 61801
4393 0
4394 44582
4395 54456
4396 40085
4397 43181
4398 0
4399 65669
4400 64213
4401 32164
4402 0
4403 22853
4404 56816
4405 34607
4406 53919
4407 21144
4408 34076
4409 41851
4410 44998
4411 26982
4412 48506
4413 0
4414 21155
4415 39815
4416 56062
4417 63402
4418 16787
4419 21832
4420 35530
4421 28675
4422 50188
4423 7351
4424 42064
4425 59806
4426 49093
4427 48401
4428 45112
4429 28735
4430 34781
4431 21945
4432 25719
4433 38500
4434 19762
4435 36747
4436 6088
4437 49238
4438 33559
4439 47192
4440 65208
4441 38771
4442 0
4443 18904
4444 40407
4445 21506
4446 0
4447 33620
4448 54684
4449 49353
4450 21377
4451 45150
4452 31104
4453 24237
4454 47012
4455 34417
4456 17519
4457 29070
4458 20563
4459 40765
4460 44118
4461 22453
4462 51339
4463 21270
4464 49406
4465 24555
4466 48512
4467 44485
4468 53531
4469 0
4470 30079
4471 40791
4472 20663
4473 54553
4474 50094
4475 46224
4476 50063
4477 46557
4478 55116
4479 44877
4480 21184
4481 42720
4482 18030
4483 45224
4484 26793
4485 30510
4486 17664
4487 41728
4488 31514
4489 16320
4490 18063
4491 2346
4492 49373
4493 24482
4494 27509
4495 49595
4496 42328
4497 53242
4498 54488
4499 27333
4500 22510
4501 33416
4502 39817
4503 16411
4504 37848
4505 53156
4506 48297
4507 40387
4508 35003
4509 11922
4510 56742
4511 46222
4512 63852
4513 48063
4514 55309
4515 27876
4516 35266
4517 35933
4518 52030
4519 22236
4520 37784
4521 22572
4522 38879
4523 50121
4524 17968
4525 23004
4526 48384
4527 43195
4528 54234
4529 37921
4530 38990
4531 42219
4532 37949
4533 35422
4534 1234
4535 23390
4536 27299
4537 49131
4538 0
4539 3201
4540 40857
4541 50827
4542 0
4543 50027
4544 7884
4545 54292
4546 0
4547 42750
4548 54510
4549 13567
4550 42363
4551 53812
4552 35330
4553 33985
4554 25164
4555 28097
4556 36596
4557 54767
4558 22685
4559 25633
4560 46007
4561 23256
4562 8776
4563 44506
4564 31208
4565 50730
4566 19257
4567 27749
4568 26142
4569 33777
4570 61121
4571 64783
4572 11971
4573 45061
4574 57623
4575 35104
4576 17393
4577 26225
4578 21035
4579 40267
4580 15877
4581 0
4582 32944
4583 26048
4584 5726
4585 0
4586 8671
4587 41708
4588 48909
4589 36487
4590 38619
4591 51068
4592 26842
4593 0
4594 37199
4595 42404
4596 28842
4597 27725
4598 46822
4599 37518
4600 49076
4601 50168
4602 18752
4603 20411
4604 25491
4605 32388
4606 24471
4607 60395
4608 0
4609 35209
4610 0
4611 41737
4612 0
4613 14301
4614 63760
4615 47839
4616 25627
4617 37604
4618 40132
4619 18608
4620 49784
4621 43002
4622 42937
4623 8780
4624 17556
4625 22941
4626 28445
4627 10466
4628 9348
4629 25410
4630 30656
4631 0
4632 56622
4633 39196
4634 13064
4635 42901
4636 52348
4637 29917
4638 30812
4639 34044
4640 29750
4641 60945
4642 56253
4643 47349
4644 34430
4645 39742
4646 37682
4647 51403
4648 0
4649 23198
4650 56176
4651 18640
4652 59177
4653 0
4654 53610
4655 48264
4656 19448
4657 43343
4658 26367
4659 37365
4660 21093
4661 37101
4662 36993
4663 9248
4664 32070
4665 25780
4666 8552
4667 44919
4668 17481
4669 26112
4670 34036
4671 39976
4672 32459
4673 0
4674 45202
4675 19483
4676 7624
4677 23386
4678 39597
4679 27526
4680 53351
4681 51617
4682 0
4683 58189
4684 52676
4685 0
4686 29731
4687 20295
4688 38288
4689 15085
4690 56485
4691 30122
4692 39084
4693 49474
4694 24057
4695 51052
4696 39119
4697 0
4698 14395
4699 0
4700 41100
4701 57096
4702 53414
4703 34769
4704 37841
4705 34585
4706 38568
4707 48702
4708 32355
4709 49226
4710 14690
4711 53502
4712 47261
4713 0
4714 18025
4715 33715
4716 15932
4717 19149
4718 47307
4719 48639
4720 34429
4721 26374
4722 37891
4723 52601
4724 20129
4725 45189
4726 12722
4727 3518
4728 0
4729 55671
4730 19790
4731 41461
4732 48733
4733 51248
4734 61293
4735 30109
4736 45446
4737 37167
4738 27060
4739 49903
4740 19417
4741 18024
4742 30955
4743 37593
4744 36606
4745 22059
4746 45409
4747 51567
4748 42392
4749 43251
4750 14577
4751 40987
4752 32474
4753 36009
4754 16723
4755 24019
4756 14703
4757 59113
4758 19405
4759 0
4760 24643
4761 59037
4762 44481
4763 50835
4764 44135
4765 18213
4766 59807
4767 47466
4768 0
4769 58122
4770 42945
4771 0
4772 45278
4773 44744
4774 29408
4775 6399
4776 23017
4777 44181
4778 14692
4779 46367
4780 32515
4781 28523
4782 0
4783 47064
4784 44499
4785 24312
4786 53304
4787 40061
4788 20296
4789 17644
4790 62198
4791 52881
4792 47222
4793 46694
4794 33962
4795 14089
4796 26635
4797 51102
4798 27207
4799 51134
4800 31791
4801 38480
4802 46749
4803 42128
4804 31740
4805 33341
4806 25649
4807 35261
4808 35574
4809 18883
4810 0
4811 57607
4812 41351
4813 63662
4814 31850
4815 42123
4816 26621
4817 52990
4818 25819
4819 23254
4820 25102
4821 30751
4822 0
4823 45558
4824 58736
4825 5647
4826 56031
4827 52511
4828 28015
4829 45287
4830 25298
4831 5787
4832 43564
4833 39523
4834 35658
4835 44072
4836 44039
4837 37967
4838 55363
4839 49679
4840 39808
4841 23984
4842 32842
4843 45402
4844 52811
4845 43297
4846 47963
4847 39069
4848 48592
4849 43743
4850 13219
4851 30476
4852 56631
4853 49425
4854 0
4855 25468
4856 62812
4857 5569
4858 39885
4859 10078
4860 23067
4861 36221
4862 41870
4863 46987
4864 0
4865 51137
4866 43287
4867 27521
4868 32034
4869 11554
4870 40408
4871 18391
4872 26666
4873 56531
4874 29056
4875 43726
4876 34674
4877 0
4878 36660
4879 37095
4880 28925
4881 42504
4882 28436
4883 39025
4884 5199
4885 54087
4886 27728
4887 45595
4888 0
4889 45033
4890 41740
4891 26744
4892 0
4893 37984
4894 42628
4895 0
4896 22353
4897 23580
4898 48419
4899 19511
4900 27723
4901 36608
4902 40400
4903 61482
4904 0
4905 39737
4906 52620
4907 44007
4908 38241
4909 46955
4910 46753
4911 46568
4912 24396
4913 0
4914 0
4915 48636
4916 31977
4917 56494
4918 27528
4919 48563
4920 16061
4921 40813
4922 33709
4923 51319
4924 6683
4925 35897
4926 26936
4927 56528
4928 29938
4929 30829
4930 43406
4931 40216
4932 12163
4933 42827
4934 40521
4935 52505
4936 0
4937 23816
4938 49840
4939 52669
4940 54966
4941 24122
4942 48756
4943 25222
4944 57758
4945 29801
4946 35859
4947 14344
4948 37550
4949 31711
4950 46034
4951 52520
4952 19442
4953 30412
4954 32845
4955 33131
4956 25922
4957 39630
4958 25920
4959 32697
4960 48326
4961 29843
4962 56295
4963 0
4964 49754
4965 23463
4966 39396
4967 52037
4968 32090
4969 50858
4970 23846
4971 26337
4972 45032
4973 42680
4974 35798
4975 48778
4976 59428
4977 35207
4978 62890
4979 43836
4980 33237
4981 25984
4982 39210
4983 16762
4984 25156
4985 50444
4986 35763
4987 51865
4988 14787
4989 45247
4990 34066
4991 33169
4992 8453
4993 32744
4994 44700
4995 49691
4996 36630
4997 44162
4998 43831
4999 47184
